  Freq              AMPL              PHASE          REAL          IMAG
 0.2099800E+00   0.1000039E+01  -0.1726496E-03   0.1000039E+01  -0.3013423E-05
 0.2099800E+00   0.1000039E+01  -0.1726496E-03   0.1000039E+01  -0.3013423E-05
 0.4000000E+00   0.1000144E+01  -0.6384166E-03   0.1000144E+01  -0.1114408E-04
 0.6000000E+00   0.1000324E+01  -0.1442101E-02   0.1000324E+01  -0.2517755E-04
 0.8000000E+00   0.1000577E+01  -0.2596895E-02   0.1000577E+01  -0.4535053E-04
 0.1000000E+01   0.1000908E+01  -0.4143633E-02   0.1000908E+01  -0.7238573E-04
 0.1200000E+01   0.1001323E+01  -0.6161963E-02   0.1001323E+01  -0.1076888E-03
 0.1400000E+01   0.1001833E+01  -0.8817380E-02   0.1001833E+01  -0.1541743E-03
 0.1600000E+01   0.1002458E+01  -0.1248658E-01   0.1002458E+01  -0.2184675E-03
 0.1800000E+01   0.1003243E+01  -0.1815232E-01   0.1003243E+01  -0.3178452E-03
 0.2000000E+01   0.1004297E+01  -0.2900970E-01   0.1004297E+01  -0.5084905E-03
 0.2200000E+01   0.1005937E+01  -0.6068770E-01   0.1005937E+01  -0.1065489E-02
 0.2400000E+01   0.1008045E+01  -0.2303564E+00   0.1008037E+01  -0.4052812E-02
 0.2600000E+01   0.1001162E+01  -0.5546723E+00   0.1001115E+01  -0.9691953E-02
 0.2800000E+01   0.1000911E+01  -0.1464308E+00   0.1000908E+01  -0.2558025E-02
 0.3000000E+01   0.1003089E+01  -0.6582696E-01   0.1003088E+01  -0.1152446E-02
 0.3200000E+01   0.1004653E+01  -0.5119039E-01   0.1004653E+01  -0.8975982E-03
 0.3400000E+01   0.1005978E+01  -0.5378017E-01   0.1005978E+01  -0.9442524E-03
 0.3600000E+01   0.1007168E+01  -0.8255189E-01   0.1007167E+01  -0.1451129E-02
 0.3800000E+01   0.1007072E+01  -0.1349484E+00   0.1007069E+01  -0.2371947E-02
 0.4000000E+01   0.1007248E+01  -0.7357879E-01   0.1007247E+01  -0.1293499E-02
 0.4200000E+01   0.1008249E+01  -0.4959376E-01   0.1008248E+01  -0.8727143E-03
 0.4400000E+01   0.1009132E+01  -0.4161169E-01   0.1009131E+01  -0.7328928E-03
 0.4600000E+01   0.1009879E+01  -0.3696301E-01   0.1009879E+01  -0.6514996E-03
 0.4800000E+01   0.1010513E+01  -0.3261705E-01   0.1010513E+01  -0.5752599E-03
 0.5000000E+01   0.1011035E+01  -0.2762449E-01   0.1011035E+01  -0.4874588E-03
 0.5200000E+01   0.1011438E+01  -0.2162701E-01   0.1011438E+01  -0.3817800E-03
 0.5400000E+01   0.1011712E+01  -0.1464659E-01   0.1011712E+01  -0.2586251E-03
 0.5600000E+01   0.1011849E+01  -0.7289769E-02   0.1011849E+01  -0.1287380E-03
 0.5800000E+01   0.1011852E+01  -0.1477044E-02   0.1011852E+01  -0.2608482E-04
 0.6000000E+01   0.1011743E+01  -0.2547604E-02   0.1011743E+01  -0.4498623E-04
 0.6200000E+01   0.1011548E+01  -0.2573568E-01   0.1011548E+01  -0.4543593E-03
 0.6400000E+01   0.1011017E+01  -0.1134414E+00   0.1011015E+01  -0.2001736E-02
 0.6600000E+01   0.1008309E+01  -0.3006966E+00   0.1008295E+01  -0.5291728E-02
 0.6800000E+01   0.1001497E+01  -0.5253620E+00   0.1001455E+01  -0.9182892E-02
 0.7000000E+01   0.9880767E+00  -0.4156963E+00   0.9880507E+00  -0.7168699E-02
 0.7200000E+01   0.9800373E+00   0.7914748E-01   0.9800363E+00   0.1353807E-02
 0.7400000E+01   0.9745730E+00   0.4492868E+00   0.9745430E+00   0.7642069E-02
 0.7600000E+01   0.9676509E+00   0.7532288E+00   0.9675673E+00   0.1272069E-01
 0.7800000E+01   0.9583437E+00   0.1078516E+01   0.9581739E+00   0.1803846E-01
 0.8000000E+01   0.9461928E+00   0.1481969E+01   0.9458764E+00   0.2447077E-01
 0.8200000E+01   0.9306189E+00   0.2021386E+01   0.9300398E+00   0.3282528E-01
 0.8400000E+01   0.9108474E+00   0.2780440E+01   0.9097751E+00   0.4418411E-01
 0.8600000E+01   0.8859891E+00   0.3901636E+01   0.8839357E+00   0.6028606E-01
 0.8800000E+01   0.8556074E+00   0.5643328E+01   0.8514605E+00   0.8413656E-01
 0.9000000E+01   0.8218118E+00   0.8396095E+01   0.8130039E+00   0.1199974E+00
 0.9200000E+01   0.7883998E+00   0.1233844E+02   0.7701897E+00   0.1684699E+00
 0.9400000E+01   0.7487890E+00   0.1813685E+02   0.7115860E+00   0.2330887E+00
 0.9600000E+01   0.7174411E+00   0.2875094E+02   0.6289941E+00   0.3450914E+00
 0.9800000E+01   0.7801427E+00   0.4570453E+02   0.5448194E+00   0.5583855E+00
 0.1000000E+02   0.1092131E+01   0.5868525E+02   0.5676232E+00   0.9330348E+00
 0.1020000E+02   0.1645907E+01   0.5560859E+02   0.9296797E+00   0.1358200E+01
 0.1040000E+02   0.2105842E+01   0.4132603E+02   0.1581412E+01   0.1390578E+01
 0.1060000E+02   0.2229945E+01   0.2716937E+02   0.1983894E+01   0.1018243E+01
 0.1080000E+02   0.2168831E+01   0.1761534E+02   0.2067134E+01   0.6563426E+00
 0.1100000E+02   0.2071811E+01   0.1175251E+02   0.2028379E+01   0.4219960E+00
 0.1120000E+02   0.1986780E+01   0.8102396E+01   0.1966948E+01   0.2800221E+00
 0.1140000E+02   0.1921258E+01   0.5727716E+01   0.1911666E+01   0.1917437E+00
 0.1160000E+02   0.1872947E+01   0.4103358E+01   0.1868146E+01   0.1340205E+00
 0.1180000E+02   0.1838154E+01   0.2937194E+01   0.1835739E+01   0.9418928E-01
 0.1200000E+02   0.1813755E+01   0.2062408E+01   0.1812580E+01   0.6527348E-01
 0.1220000E+02   0.1797430E+01   0.1379548E+01   0.1796909E+01   0.4327371E-01
 0.1240000E+02   0.1787509E+01   0.8263859E+00   0.1787323E+01   0.2578063E-01
 0.1260000E+02   0.1782800E+01   0.3619155E+00   0.1782765E+01   0.1126119E-01
 0.1280000E+02   0.1782444E+01  -0.4261894E-01   0.1782443E+01  -0.1325855E-02
 0.1300000E+02   0.1785814E+01  -0.4092050E+00   0.1785768E+01  -0.1275413E-01
 0.1320000E+02   0.1792423E+01  -0.7568744E+00   0.1792266E+01  -0.2367712E-01
 0.1340000E+02   0.1801811E+01  -0.1104583E+01   0.1801476E+01  -0.3473424E-01
 0.1360000E+02   0.1813358E+01  -0.1472076E+01   0.1812759E+01  -0.4658470E-01
 0.1380000E+02   0.1826044E+01  -0.1874801E+01   0.1825066E+01  -0.5974016E-01
 0.1400000E+02   0.1838302E+01  -0.2313348E+01   0.1836804E+01  -0.7420229E-01
 0.1420000E+02   0.1847803E+01  -0.2741956E+01   0.1845688E+01  -0.8839501E-01
 0.1440000E+02   0.1854333E+01  -0.3007792E+01   0.1851779E+01  -0.9730015E-01
 0.1460000E+02   0.1864219E+01  -0.3029884E+01   0.1861613E+01  -0.9853665E-01
 0.1480000E+02   0.1881991E+01  -0.2965208E+01   0.1879471E+01  -0.9735454E-01
 0.1500000E+02   0.1905926E+01  -0.2949885E+01   0.1903400E+01  -0.9808365E-01
 0.1520000E+02   0.1933505E+01  -0.3006108E+01   0.1930845E+01  -0.1013977E+00
 0.1540000E+02   0.1963517E+01  -0.3117222E+01   0.1960612E+01  -0.1067740E+00
 0.1560000E+02   0.1995579E+01  -0.3267401E+01   0.1992335E+01  -0.1137400E+00
 0.1580000E+02   0.2029588E+01  -0.3447082E+01   0.2025916E+01  -0.1220323E+00
 0.1600000E+02   0.2065527E+01  -0.3648906E+01   0.2061340E+01  -0.1314551E+00
 0.1620000E+02   0.2103499E+01  -0.3865440E+01   0.2098713E+01  -0.1418042E+00
 0.1640000E+02   0.2143811E+01  -0.4091331E+01   0.2138348E+01  -0.1529535E+00
 0.1660000E+02   0.2186866E+01  -0.4328080E+01   0.2180630E+01  -0.1650372E+00
 0.1680000E+02   0.2232913E+01  -0.4580610E+01   0.2225781E+01  -0.1783239E+00
 0.1700000E+02   0.2282116E+01  -0.4851723E+01   0.2273939E+01  -0.1930154E+00
 0.1720000E+02   0.2334686E+01  -0.5142549E+01   0.2325289E+01  -0.2092671E+00
 0.1740000E+02   0.2390901E+01  -0.5454109E+01   0.2380076E+01  -0.2272514E+00
 0.1760000E+02   0.2451096E+01  -0.5787853E+01   0.2438600E+01  -0.2471817E+00
 0.1780000E+02   0.2515665E+01  -0.6145714E+01   0.2501207E+01  -0.2693205E+00
 0.1800000E+02   0.2585068E+01  -0.6530103E+01   0.2568297E+01  -0.2939874E+00
 0.1820000E+02   0.2659847E+01  -0.6944019E+01   0.2640337E+01  -0.3215743E+00
 0.1840000E+02   0.2740662E+01  -0.7391515E+01   0.2717887E+01  -0.3525826E+00
 0.1860000E+02   0.2828301E+01  -0.7878950E+01   0.2801602E+01  -0.3877054E+00
 0.1880000E+02   0.2923624E+01  -0.8416780E+01   0.2892135E+01  -0.4279389E+00
 0.1900000E+02   0.3027327E+01  -0.9018376E+01   0.2989904E+01  -0.4745373E+00
 0.1920000E+02   0.3139877E+01  -0.9692810E+01   0.3095054E+01  -0.5286475E+00
 0.1940000E+02   0.3261967E+01  -0.1044057E+02   0.3207960E+01  -0.5911189E+00
 0.1960000E+02   0.3395123E+01  -0.1126175E+02   0.3329750E+01  -0.6630386E+00
 0.1980000E+02   0.3541605E+01  -0.1217066E+02   0.3462004E+01  -0.7466566E+00
 0.2000000E+02   0.3703589E+01  -0.1319737E+02   0.3605775E+01  -0.8455519E+00
 0.2020000E+02   0.3882743E+01  -0.1437832E+02   0.3761125E+01  -0.9641757E+00
 0.2040000E+02   0.4080164E+01  -0.1575286E+02   0.3926920E+01  -0.1107717E+01
 0.2060000E+02   0.4295844E+01  -0.1736212E+02   0.4100116E+01  -0.1281922E+01
 0.2080000E+02   0.4527622E+01  -0.1923891E+02   0.4274767E+01  -0.1491887E+01
 0.2100000E+02   0.4770569E+01  -0.2138090E+02   0.4442246E+01  -0.1739189E+01
 0.2120000E+02   0.5019337E+01  -0.2371871E+02   0.4595360E+01  -0.2019012E+01
 0.2140000E+02   0.5274795E+01  -0.2612995E+02   0.4735698E+01  -0.2323065E+01
 0.2160000E+02   0.5549003E+01  -0.2852437E+02   0.4875432E+01  -0.2649829E+01
 0.2180000E+02   0.5863362E+01  -0.3091993E+02   0.5030097E+01  -0.3012828E+01
 0.2200000E+02   0.6243304E+01  -0.3347616E+02   0.5207636E+01  -0.3443743E+01
 0.2220000E+02   0.6708293E+01  -0.3647621E+02   0.5394164E+01  -0.3988006E+01
 0.2240000E+02   0.7262867E+01  -0.4022579E+02   0.5545238E+01  -0.4690369E+01
 0.2260000E+02   0.7895346E+01  -0.4497409E+02   0.5585376E+01  -0.5580328E+01
 0.2280000E+02   0.8575938E+01  -0.5090769E+02   0.5407744E+01  -0.6656051E+01
 0.2300000E+02   0.9248412E+01  -0.5814495E+02   0.4881055E+01  -0.7855471E+01
 0.2320000E+02   0.9822223E+01  -0.6667832E+02   0.3888549E+01  -0.9019715E+01
 0.2340000E+02   0.1018232E+02  -0.7627892E+02   0.2415201E+01  -0.9891734E+01
 0.2360000E+02   0.1023140E+02  -0.8644604E+02   0.6342292E+00  -0.1021172E+02
 0.2380000E+02   0.9946087E+01  -0.9650462E+02  -0.1126726E+01  -0.9882061E+01
 0.2400000E+02   0.9393359E+01  -0.1058338E+03  -0.2562963E+01  -0.9036947E+01
 0.2420000E+02   0.8687440E+01  -0.1140544E+03  -0.3541038E+01  -0.7933011E+01
 0.2440000E+02   0.7933668E+01  -0.1210488E+03  -0.4091928E+01  -0.6797000E+01
 0.2460000E+02   0.7202806E+01  -0.1268702E+03  -0.4321710E+01  -0.5762224E+01
 0.2480000E+02   0.6532847E+01  -0.1316542E+03  -0.4341945E+01  -0.4881148E+01
 0.2500000E+02   0.5939094E+01  -0.1355697E+03  -0.4241125E+01  -0.4157607E+01
 0.2520000E+02   0.5422865E+01  -0.1387961E+03  -0.4079999E+01  -0.3572264E+01
 0.2540000E+02   0.4977182E+01  -0.1415045E+03  -0.3895425E+01  -0.3098065E+01
 0.2560000E+02   0.4591077E+01  -0.1438322E+03  -0.3706339E+01  -0.2709436E+01
 0.2580000E+02   0.4254016E+01  -0.1458669E+03  -0.3521201E+01  -0.2387004E+01
 0.2600000E+02   0.3958305E+01  -0.1476691E+03  -0.3344665E+01  -0.2116931E+01
 0.2620000E+02   0.3697835E+01  -0.1493046E+03  -0.3179745E+01  -0.1887647E+01
 0.2640000E+02   0.3466071E+01  -0.1508400E+03  -0.3026789E+01  -0.1688843E+01
 0.2660000E+02   0.3256290E+01  -0.1523152E+03  -0.2883500E+01  -0.1512895E+01
 0.2680000E+02   0.3063140E+01  -0.1537339E+03  -0.2746866E+01  -0.1355566E+01
 0.2700000E+02   0.2883301E+01  -0.1550786E+03  -0.2614827E+01  -0.1214952E+01
 0.2720000E+02   0.2714961E+01  -0.1563296E+03  -0.2486550E+01  -0.1089990E+01
 0.2740000E+02   0.2556924E+01  -0.1574715E+03  -0.2361803E+01  -0.9796677E+00
 0.2760000E+02   0.2408150E+01  -0.1584864E+03  -0.2240375E+01  -0.8831218E+00
 0.2780000E+02   0.2267977E+01  -0.1593433E+03  -0.2122172E+01  -0.8000681E+00
 0.2800000E+02   0.2136717E+01  -0.1600009E+03  -0.2007868E+01  -0.7307686E+00
 0.2820000E+02   0.2015758E+01  -0.1604314E+03  -0.1899330E+01  -0.6751488E+00
 0.2840000E+02   0.1906657E+01  -0.1606489E+03  -0.1798942E+01  -0.6317819E+00
 0.2860000E+02   0.1809944E+01  -0.1607095E+03  -0.1708327E+01  -0.5979280E+00
 0.2880000E+02   0.1724839E+01  -0.1606845E+03  -0.1627751E+01  -0.5705230E+00
 0.2900000E+02   0.1649792E+01  -0.1606367E+03  -0.1556472E+01  -0.5469987E+00
 0.2920000E+02   0.1583072E+01  -0.1606144E+03  -0.1493321E+01  -0.5254595E+00
 0.2940000E+02   0.1522979E+01  -0.1606549E+03  -0.1436993E+01  -0.5044970E+00
 0.2960000E+02   0.1467793E+01  -0.1607857E+03  -0.1386028E+01  -0.4830546E+00
 0.2980000E+02   0.1415769E+01  -0.1610154E+03  -0.1338760E+01  -0.4605694E+00
 0.3000000E+02   0.1365449E+01  -0.1613263E+03  -0.1293569E+01  -0.4371874E+00
 0.3020000E+02   0.1316023E+01  -0.1616804E+03  -0.1249324E+01  -0.4136481E+00
 0.3040000E+02   0.1267351E+01  -0.1620373E+03  -0.1205577E+01  -0.3908485E+00
 0.3060000E+02   0.1219690E+01  -0.1623673E+03  -0.1162387E+01  -0.3694616E+00
 0.3080000E+02   0.1173379E+01  -0.1626545E+03  -0.1120019E+01  -0.3498227E+00
 0.3100000E+02   0.1128676E+01  -0.1628932E+03  -0.1078741E+01  -0.3320050E+00
 0.3120000E+02   0.1085728E+01  -0.1630828E+03  -0.1038744E+01  -0.3159361E+00
 0.3140000E+02   0.1044587E+01  -0.1632250E+03  -0.1000135E+01  -0.3014825E+00
 0.3160000E+02   0.1005249E+01  -0.1633224E+03  -0.9629632E+00  -0.2884925E+00
 0.3180000E+02   0.9676678E+00  -0.1633775E+03  -0.9272291E+00  -0.2768162E+00
 0.3200000E+02   0.9317719E+00  -0.1633919E+03  -0.8929006E+00  -0.2663219E+00
 0.3220000E+02   0.8974884E+00  -0.1633661E+03  -0.8599314E+00  -0.2569112E+00
 0.3240000E+02   0.8647720E+00  -0.1632991E+03  -0.8282940E+00  -0.2485148E+00
 0.3260000E+02   0.8336132E+00  -0.1631914E+03  -0.7979981E+00  -0.2410601E+00
 0.3280000E+02   0.8040095E+00  -0.1630475E+03  -0.7690729E+00  -0.2344316E+00
 0.3300000E+02   0.7759172E+00  -0.1628761E+03  -0.7415211E+00  -0.2284600E+00
 0.3320000E+02   0.7492176E+00  -0.1626876E+03  -0.7152753E+00  -0.2229535E+00
 0.3340000E+02   0.7237296E+00  -0.1624897E+03  -0.6901942E+00  -0.2177533E+00
 0.3360000E+02   0.6992563E+00  -0.1622848E+03  -0.6660982E+00  -0.2127734E+00
 0.3380000E+02   0.6756333E+00  -0.1620694E+03  -0.6428178E+00  -0.2080040E+00
 0.3400000E+02   0.6527548E+00  -0.1618359E+03  -0.6202264E+00  -0.2034896E+00
 0.3420000E+02   0.6305793E+00  -0.1615755E+03  -0.5982564E+00  -0.1992976E+00
 0.3440000E+02   0.6091157E+00  -0.1612808E+03  -0.5768951E+00  -0.1954839E+00
 0.3460000E+02   0.5883931E+00  -0.1609479E+03  -0.5561620E+00  -0.1920683E+00
 0.3480000E+02   0.5684270E+00  -0.1605760E+03  -0.5360742E+00  -0.1890336E+00
 0.3500000E+02   0.5492089E+00  -0.1601655E+03  -0.5166279E+00  -0.1863492E+00
 0.3520000E+02   0.5307230E+00  -0.1597149E+03  -0.4978072E+00  -0.1839969E+00
 0.3540000E+02   0.5129705E+00  -0.1592221E+03  -0.4796082E+00  -0.1819745E+00
 0.3560000E+02   0.4959795E+00  -0.1586858E+03  -0.4620551E+00  -0.1802797E+00
 0.3580000E+02   0.4797962E+00  -0.1581094E+03  -0.4452016E+00  -0.1788854E+00
 0.3600000E+02   0.4644593E+00  -0.1575034E+03  -0.4291149E+00  -0.1777157E+00
 0.3620000E+02   0.4499614E+00  -0.1568869E+03  -0.4138437E+00  -0.1766314E+00
 0.3640000E+02   0.4362060E+00  -0.1562847E+03  -0.3993708E+00  -0.1754384E+00
 0.3660000E+02   0.4229897E+00  -0.1557198E+03  -0.3855743E+00  -0.1739332E+00
 0.3680000E+02   0.4100359E+00  -0.1552021E+03  -0.3722275E+00  -0.1719769E+00
 0.3700000E+02   0.3970774E+00  -0.1547224E+03  -0.3590571E+00  -0.1695537E+00
 0.3720000E+02   0.3839396E+00  -0.1542545E+03  -0.3458269E+00  -0.1667734E+00
 0.3740000E+02   0.3705725E+00  -0.1537644E+03  -0.3323974E+00  -0.1638168E+00
 0.3760000E+02   0.3570248E+00  -0.1532196E+03  -0.3187303E+00  -0.1608656E+00
 0.3780000E+02   0.3433909E+00  -0.1525945E+03  -0.3048525E+00  -0.1580578E+00
 0.3800000E+02   0.3297671E+00  -0.1518696E+03  -0.2908139E+00  -0.1554787E+00
 0.3820000E+02   0.3162318E+00  -0.1510281E+03  -0.2766578E+00  -0.1531765E+00
 0.3840000E+02   0.3028475E+00  -0.1500526E+03  -0.2624125E+00  -0.1511829E+00
 0.3860000E+02   0.2896718E+00  -0.1489225E+03  -0.2480951E+00  -0.1495279E+00
 0.3880000E+02   0.2767688E+00  -0.1476132E+03  -0.2337178E+00  -0.1482462E+00
 0.3900000E+02   0.2642169E+00  -0.1460961E+03  -0.2192933E+00  -0.1473805E+00
 0.3920000E+02   0.2521196E+00  -0.1443384E+03  -0.2048407E+00  -0.1469850E+00
 0.3940000E+02   0.2406180E+00  -0.1423054E+03  -0.1903966E+00  -0.1471264E+00
 0.3960000E+02   0.2298988E+00  -0.1399667E+03  -0.1760267E+00  -0.1478785E+00
 0.3980000E+02   0.2201917E+00  -0.1373054E+03  -0.1618361E+00  -0.1493098E+00
 0.4000000E+02   0.2117538E+00  -0.1343319E+03  -0.1479766E+00  -0.1514682E+00
 0.4020000E+02   0.2048351E+00  -0.1311003E+03  -0.1346543E+00  -0.1543556E+00
 0.4040000E+02   0.1996039E+00  -0.1277231E+03  -0.1221269E+00  -0.1578821E+00
 0.4060000E+02   0.1960242E+00  -0.1243683E+03  -0.1106578E+00  -0.1618034E+00
 0.4080000E+02   0.1937376E+00  -0.1212147E+03  -0.1004037E+00  -0.1656905E+00
 0.4100000E+02   0.1920711E+00  -0.1183725E+03  -0.9127255E-01  -0.1689989E+00
 0.4120000E+02   0.1902415E+00  -0.1158180E+03  -0.8285277E-01  -0.1712519E+00
 0.4140000E+02   0.1876703E+00  -0.1133887E+03  -0.7449880E-01  -0.1722501E+00
 0.4160000E+02   0.1842250E+00  -0.1108440E+03  -0.6555180E-01  -0.1721679E+00
 0.4180000E+02   0.1802500E+00  -0.1079545E+03  -0.5556423E-01  -0.1714721E+00
 0.4200000E+02   0.1764018E+00  -0.1045772E+03  -0.4439755E-01  -0.1707234E+00
 0.4220000E+02   0.1734053E+00  -0.1006910E+03  -0.3216876E-01  -0.1703953E+00
 0.4240000E+02   0.1718611E+00  -0.9638841E+02  -0.1912262E-01  -0.1707939E+00
 0.4260000E+02   0.1721596E+00  -0.9183724E+02  -0.5519515E-02  -0.1720711E+00
 0.4280000E+02   0.1744846E+00  -0.8723334E+02   0.8422136E-02  -0.1742812E+00
 0.4300000E+02   0.1788595E+00  -0.8276141E+02   0.2253657E-01  -0.1774340E+00
 0.4320000E+02   0.1852009E+00  -0.7857112E+02   0.3669783E-01  -0.1815287E+00
 0.4340000E+02   0.1933617E+00  -0.7476816E+02   0.5080104E-01  -0.1865691E+00
 0.4360000E+02   0.2031598E+00  -0.7141591E+02   0.6474624E-01  -0.1925665E+00
 0.4380000E+02   0.2143954E+00  -0.6854265E+02   0.7842765E-01  -0.1995357E+00
 0.4400000E+02   0.2268611E+00  -0.6615044E+02   0.9172825E-01  -0.2074895E+00
 0.4420000E+02   0.2403493E+00  -0.6422368E+02   0.1045180E+00  -0.2164342E+00
 0.4440000E+02   0.2546575E+00  -0.6273715E+02   0.1166518E+00  -0.2263688E+00
 0.4460000E+02   0.2695888E+00  -0.6166320E+02   0.1279613E+00  -0.2372847E+00
 0.4480000E+02   0.2849388E+00  -0.6097763E+02   0.1382383E+00  -0.2491591E+00
 0.4500000E+02   0.3004649E+00  -0.6066219E+02   0.1472152E+00  -0.2619291E+00
 0.4520000E+02   0.3158424E+00  -0.6070201E+02   0.1545581E+00  -0.2754418E+00
 0.4540000E+02   0.3306232E+00  -0.6107783E+02   0.1598963E+00  -0.2893871E+00
 0.4560000E+02   0.3442257E+00  -0.6175473E+02   0.1629038E+00  -0.3032387E+00
 0.4580000E+02   0.3559780E+00  -0.6267066E+02   0.1634311E+00  -0.3162445E+00
 0.4600000E+02   0.3652302E+00  -0.6372925E+02   0.1616558E+00  -0.3275065E+00
 0.4620000E+02   0.3715202E+00  -0.6480108E+02   0.1581793E+00  -0.3361645E+00
 0.4640000E+02   0.3747412E+00  -0.6573625E+02   0.1539952E+00  -0.3416378E+00
 0.4660000E+02   0.3752368E+00  -0.6638701E+02   0.1503036E+00  -0.3438189E+00
 0.4680000E+02   0.3737693E+00  -0.6663440E+02   0.1482357E+00  -0.3431175E+00
 0.4700000E+02   0.3713684E+00  -0.6641060E+02   0.1486140E+00  -0.3403357E+00
 0.4720000E+02   0.3691242E+00  -0.6570978E+02   0.1518425E+00  -0.3364469E+00
 0.4740000E+02   0.3680012E+00  -0.6458502E+02   0.1579356E+00  -0.3323872E+00
 0.4760000E+02   0.3687213E+00  -0.6313391E+02   0.1666276E+00  -0.3289234E+00
 0.4780000E+02   0.3717198E+00  -0.6147756E+02   0.1774973E+00  -0.3266042E+00
 0.4800000E+02   0.3771608E+00  -0.5973854E+02   0.1900690E+00  -0.3257668E+00
 0.4820000E+02   0.3849884E+00  -0.5802257E+02   0.2038841E+00  -0.3265690E+00
 0.4840000E+02   0.3950002E+00  -0.5640715E+02   0.2185487E+00  -0.3290313E+00
 0.4860000E+02   0.4069276E+00  -0.5493856E+02   0.2337614E+00  -0.3330851E+00
 0.4880000E+02   0.4205090E+00  -0.5363632E+02   0.2493234E+00  -0.3386232E+00
 0.4900000E+02   0.4355397E+00  -0.5250205E+02   0.2651274E+00  -0.3455463E+00
 0.4920000E+02   0.4518923E+00  -0.5152918E+02   0.2811294E+00  -0.3537978E+00
 0.4940000E+02   0.4695078E+00  -0.5071039E+02   0.2973113E+00  -0.3633780E+00
 0.4960000E+02   0.4883680E+00  -0.5004140E+02   0.3136466E+00  -0.3743383E+00
 0.4980000E+02   0.5084653E+00  -0.4952130E+02   0.3300781E+00  -0.3867628E+00
 0.5000000E+02   0.5297802E+00  -0.4915110E+02   0.3465114E+00  -0.4007454E+00
 0.5020000E+02   0.5522711E+00  -0.4893184E+02   0.3628180E+00  -0.4163730E+00
 0.5040000E+02   0.5758742E+00  -0.4886331E+02   0.3788433E+00  -0.4337152E+00
 0.5060000E+02   0.6005062E+00  -0.4894349E+02   0.3944143E+00  -0.4528190E+00
 0.5080000E+02   0.6260686E+00  -0.4916854E+02   0.4093463E+00  -0.4737061E+00
 0.5100000E+02   0.6524523E+00  -0.4953277E+02   0.4234501E+00  -0.4963709E+00
 0.5120000E+02   0.6795440E+00  -0.5002878E+02   0.4365409E+00  -0.5207802E+00
 0.5140000E+02   0.7072365E+00  -0.5064780E+02   0.4484485E+00  -0.5468797E+00
 0.5160000E+02   0.7354415E+00  -0.5138042E+02   0.4590233E+00  -0.5746057E+00
 0.5180000E+02   0.7640997E+00  -0.5221790E+02   0.4681335E+00  -0.6039035E+00
 0.5200000E+02   0.7931815E+00  -0.5315367E+02   0.4756478E+00  -0.6347409E+00
 0.5220000E+02   0.8226732E+00  -0.5418450E+02   0.4814095E+00  -0.6671103E+00
 0.5240000E+02   0.8525514E+00  -0.5531070E+02   0.4852092E+00  -0.7010107E+00
 0.5260000E+02   0.8827533E+00  -0.5653524E+02   0.4867714E+00  -0.7364150E+00
 0.5280000E+02   0.9131528E+00  -0.5786207E+02   0.4857601E+00  -0.7732303E+00
 0.5300000E+02   0.9435488E+00  -0.5929421E+02   0.4818041E+00  -0.8112639E+00
 0.5320000E+02   0.9736675E+00  -0.6083210E+02   0.4745369E+00  -0.8502018E+00
 0.5340000E+02   0.1003177E+01  -0.6247228E+02   0.4636458E+00  -0.8896042E+00
 0.5360000E+02   0.1031712E+01  -0.6420669E+02   0.4489249E+00  -0.9289225E+00
 0.5380000E+02   0.1058922E+01  -0.6602250E+02   0.4303223E+00  -0.9675420E+00
 0.5400000E+02   0.1084512E+01  -0.6790305E+02   0.4079663E+00  -0.1004853E+01
 0.5420000E+02   0.1108303E+01  -0.6983014E+02   0.3821479E+00  -0.1040336E+01
 0.5440000E+02   0.1130249E+01  -0.7178744E+02   0.3532514E+00  -0.1073627E+01
 0.5460000E+02   0.1150412E+01  -0.7376389E+02   0.3216509E+00  -0.1104531E+01
 0.5480000E+02   0.1168895E+01  -0.7575533E+02   0.2876219E+00  -0.1132956E+01
 0.5500000E+02   0.1185750E+01  -0.7776332E+02   0.2513202E+00  -0.1158810E+01
 0.5520000E+02   0.1200922E+01  -0.7979127E+02   0.2128451E+00  -0.1181910E+01
 0.5540000E+02   0.1214266E+01  -0.8184022E+02   0.1723458E+00  -0.1201973E+01
 0.5560000E+02   0.1225614E+01  -0.8390651E+02   0.1301002E+00  -0.1218689E+01
 0.5580000E+02   0.1234874E+01  -0.8598314E+02   0.8650286E-01  -0.1231840E+01
 0.5600000E+02   0.1242072E+01  -0.8806393E+02   0.4196267E-01  -0.1241363E+01
 0.5620000E+02   0.1247316E+01  -0.9014835E+02  -0.3229545E-02  -0.1247312E+01
 0.5640000E+02   0.1250680E+01  -0.9224411E+02  -0.4897298E-01  -0.1249721E+01
 0.5660000E+02   0.1252056E+01  -0.9436535E+02  -0.9530145E-01  -0.1248424E+01
 0.5680000E+02   0.1251049E+01  -0.9652648E+02  -0.1421972E+00  -0.1242942E+01
 0.5700000E+02   0.1246977E+01  -0.9873348E+02  -0.1893390E+00  -0.1232518E+01
 0.5720000E+02   0.1238990E+01  -0.1009756E+03  -0.2358929E+00  -0.1216327E+01
 0.5740000E+02   0.1226301E+01  -0.1032206E+03  -0.2804563E+00  -0.1193800E+01
 0.5760000E+02   0.1208443E+01  -0.1054151E+03  -0.3212167E+00  -0.1164970E+01
 0.5780000E+02   0.1185489E+01  -0.1074908E+03  -0.3563027E+00  -0.1130678E+01
 0.5800000E+02   0.1158140E+01  -0.1093752E+03  -0.3842152E+00  -0.1092550E+01
 0.5820000E+02   0.1127662E+01  -0.1110036E+03  -0.4041846E+00  -0.1052738E+01
 0.5840000E+02   0.1095687E+01  -0.1123318E+03  -0.4163276E+00  -0.1013509E+01
 0.5860000E+02   0.1063924E+01  -0.1133433E+03  -0.4215692E+00  -0.9768384E+00
 0.5880000E+02   0.1033891E+01  -0.1140524E+03  -0.4213853E+00  -0.9441213E+00
 0.5900000E+02   0.1006710E+01  -0.1145001E+03  -0.4174773E+00  -0.9160660E+00
 0.5920000E+02   0.9830117E+00  -0.1147457E+03  -0.4114799E+00  -0.8927465E+00
 0.5940000E+02   0.9629513E+00  -0.1148557E+03  -0.4047608E+00  -0.8737528E+00
 0.5960000E+02   0.9462925E+00  -0.1148934E+03  -0.3983238E+00  -0.8583751E+00
 0.5980000E+02   0.9325347E+00  -0.1149112E+03  -0.3927956E+00  -0.8457734E+00
 0.6000000E+02   0.9210404E+00  -0.1149465E+03  -0.3884682E+00  -0.8351095E+00
 0.6020000E+02   0.9111428E+00  -0.1150210E+03  -0.3853686E+00  -0.8256345E+00
 0.6040000E+02   0.9022207E+00  -0.1151431E+03  -0.3833358E+00  -0.8167349E+00
 0.6060000E+02   0.8937403E+00  -0.1153101E+03  -0.3820892E+00  -0.8079478E+00
 0.6080000E+02   0.8852721E+00  -0.1155116E+03  -0.3812818E+00  -0.7989561E+00
 0.6100000E+02   0.8764934E+00  -0.1157318E+03  -0.3805383E+00  -0.7895767E+00
 0.6120000E+02   0.8671854E+00  -0.1159510E+03  -0.3794820E+00  -0.7797460E+00
 0.6140000E+02   0.8572303E+00  -0.1161467E+03  -0.3777567E+00  -0.7695087E+00
 0.6160000E+02   0.8466092E+00  -0.1162953E+03  -0.3750455E+00  -0.7590046E+00
 0.6180000E+02   0.8353983E+00  -0.1163726E+03  -0.3710897E+00  -0.7484535E+00
 0.6200000E+02   0.8237618E+00  -0.1163557E+03  -0.3657029E+00  -0.7381361E+00
 0.6220000E+02   0.8119406E+00  -0.1162239E+03  -0.3587803E+00  -0.7283709E+00
 0.6240000E+02   0.8002363E+00  -0.1159602E+03  -0.3503002E+00  -0.7194914E+00
 0.6260000E+02   0.7889943E+00  -0.1155521E+03  -0.3403188E+00  -0.7118252E+00
 0.6280000E+02   0.7785865E+00  -0.1149932E+03  -0.3289612E+00  -0.7056780E+00
 0.6300000E+02   0.7693951E+00  -0.1142832E+03  -0.3164109E+00  -0.7013223E+00
 0.6320000E+02   0.7617950E+00  -0.1134290E+03  -0.3028988E+00  -0.6989878E+00
 0.6340000E+02   0.7561341E+00  -0.1124451E+03  -0.2886910E+00  -0.6988535E+00
 0.6360000E+02   0.7527132E+00  -0.1113531E+03  -0.2740737E+00  -0.7010427E+00
 0.6380000E+02   0.7517697E+00  -0.1101796E+03  -0.2593334E+00  -0.7056231E+00
 0.6400000E+02   0.7534727E+00  -0.1089544E+03  -0.2447395E+00  -0.7126175E+00
 0.6420000E+02   0.7579334E+00  -0.1077076E+03  -0.2305332E+00  -0.7220232E+00
 0.6440000E+02   0.7652270E+00  -0.1064682E+03  -0.2169295E+00  -0.7338351E+00
 0.6460000E+02   0.7754154E+00  -0.1052633E+03  -0.2041325E+00  -0.7480635E+00
 0.6480000E+02   0.7885626E+00  -0.1041190E+03  -0.1923589E+00  -0.7647412E+00
 0.6500000E+02   0.8047348E+00  -0.1030611E+03  -0.1818620E+00  -0.7839160E+00
 0.6520000E+02   0.8239880E+00  -0.1021161E+03  -0.1729502E+00  -0.8056329E+00
 0.6540000E+02   0.8463472E+00  -0.1013109E+03  -0.1659962E+00  -0.8299090E+00
 0.6560000E+02   0.8717828E+00  -0.1006716E+03  -0.1614363E+00  -0.8567051E+00
 0.6580000E+02   0.9001881E+00  -0.1002227E+03  -0.1597605E+00  -0.8858980E+00
 0.6600000E+02   0.9313621E+00  -0.9998514E+02  -0.1614915E+00  -0.9172545E+00
 0.6620000E+02   0.9649990E+00  -0.9997488E+02  -0.1671536E+00  -0.9504118E+00
 0.6640000E+02   0.1000689E+01  -0.1002016E+03  -0.1772335E+00  -0.9848686E+00
 0.6660000E+02   0.1037931E+01  -0.1006678E+03  -0.1921366E+00  -0.1019993E+01
 0.6680000E+02   0.1076163E+01  -0.1013695E+03  -0.2121495E+00  -0.1055045E+01
 0.6700000E+02   0.1114788E+01  -0.1022963E+03  -0.2374142E+00  -0.1089214E+01
 0.6720000E+02   0.1153209E+01  -0.1034340E+03  -0.2679193E+00  -0.1121656E+01
 0.6740000E+02   0.1190854E+01  -0.1047655E+03  -0.3035046E+00  -0.1151529E+01
 0.6760000E+02   0.1227181E+01  -0.1062730E+03  -0.3438741E+00  -0.1178017E+01
 0.6780000E+02   0.1261678E+01  -0.1079393E+03  -0.3886087E+00  -0.1200340E+01
 0.6800000E+02   0.1293852E+01  -0.1097480E+03  -0.4371713E+00  -0.1217758E+01
 0.6820000E+02   0.1323208E+01  -0.1116835E+03  -0.4888976E+00  -0.1229576E+01
 0.6840000E+02   0.1349235E+01  -0.1137303E+03  -0.5429748E+00  -0.1235157E+01
 0.6860000E+02   0.1371409E+01  -0.1158714E+03  -0.5984179E+00  -0.1233961E+01
 0.6880000E+02   0.1389214E+01  -0.1180871E+03  -0.6540602E+00  -0.1225610E+01
 0.6900000E+02   0.1402183E+01  -0.1203539E+03  -0.7085781E+00  -0.1209972E+01
 0.6920000E+02   0.1409958E+01  -0.1226442E+03  -0.7605601E+00  -0.1187236E+01
 0.6940000E+02   0.1412346E+01  -0.1249271E+03  -0.8086161E+00  -0.1157956E+01
 0.6960000E+02   0.1409363E+01  -0.1271697E+03  -0.8515058E+00  -0.1123050E+01
 0.6980000E+02   0.1401239E+01  -0.1293389E+03  -0.8882542E+00  -0.1083733E+01
 0.7000000E+02   0.1388413E+01  -0.1314031E+03  -0.9182301E+00  -0.1041415E+01
 0.7020000E+02   0.1371494E+01  -0.1333333E+03  -0.9411749E+00  -0.9975895E+00
 0.7040000E+02   0.1351223E+01  -0.1351040E+03  -0.9571916E+00  -0.9537234E+00
 0.7060000E+02   0.1328445E+01  -0.1366939E+03  -0.9667087E+00  -0.9111753E+00
 0.7080000E+02   0.1304074E+01  -0.1380866E+03  -0.9704343E+00  -0.8711295E+00
 0.7100000E+02   0.1279066E+01  -0.1392726E+03  -0.9693048E+00  -0.8345400E+00
 0.7120000E+02   0.1254369E+01  -0.1402506E+03  -0.9644208E+00  -0.8020818E+00
 0.7140000E+02   0.1230869E+01  -0.1410296E+03  -0.9569655E+00  -0.7741158E+00
 0.7160000E+02   0.1209310E+01  -0.1416289E+03  -0.9481069E+00  -0.7506815E+00
 0.7180000E+02   0.1190239E+01  -0.1420767E+03  -0.9389011E+00  -0.7315288E+00
 0.7200000E+02   0.1173977E+01  -0.1424068E+03  -0.9302149E+00  -0.7161864E+00
 0.7220000E+02   0.1160621E+01  -0.1426548E+03  -0.9226880E+00  -0.7040511E+00
 0.7240000E+02   0.1150087E+01  -0.1428541E+03  -0.9167353E+00  -0.6944758E+00
 0.7260000E+02   0.1142169E+01  -0.1430337E+03  -0.9125814E+00  -0.6868376E+00
 0.7280000E+02   0.1136594E+01  -0.1432170E+03  -0.9103086E+00  -0.6805760E+00
 0.7300000E+02   0.1133060E+01  -0.1434223E+03  -0.9099034E+00  -0.6752048E+00
 0.7320000E+02   0.1131265E+01  -0.1436633E+03  -0.9112892E+00  -0.6703083E+00
 0.7340000E+02   0.1130912E+01  -0.1439500E+03  -0.9143465E+00  -0.6655317E+00
 0.7360000E+02   0.1131715E+01  -0.1442893E+03  -0.9189233E+00  -0.6605747E+00
 0.7380000E+02   0.1133405E+01  -0.1446850E+03  -0.9248428E+00  -0.6551884E+00
 0.7400000E+02   0.1135733E+01  -0.1451387E+03  -0.9319130E+00  -0.6491754E+00
 0.7420000E+02   0.1138482E+01  -0.1456499E+03  -0.9399372E+00  -0.6423861E+00
 0.7440000E+02   0.1141463E+01  -0.1462168E+03  -0.9487248E+00  -0.6347121E+00
 0.7460000E+02   0.1144518E+01  -0.1468371E+03  -0.9580977E+00  -0.6260755E+00
 0.7480000E+02   0.1147510E+01  -0.1475083E+03  -0.9678895E+00  -0.6164167E+00
 0.7500000E+02   0.1150315E+01  -0.1482280E+03  -0.9779407E+00  -0.6056872E+00
 0.7520000E+02   0.1152812E+01  -0.1489939E+03  -0.9880896E+00  -0.5938468E+00
 0.7540000E+02   0.1154878E+01  -0.1498034E+03  -0.9981660E+00  -0.5808681E+00
 0.7560000E+02   0.1156391E+01  -0.1506530E+03  -0.1007988E+01  -0.5667448E+00
 0.7580000E+02   0.1157234E+01  -0.1515385E+03  -0.1017368E+01  -0.5515003E+00
 0.7600000E+02   0.1157303E+01  -0.1524547E+03  -0.1026118E+01  -0.5351939E+00
 0.7620000E+02   0.1156517E+01  -0.1533955E+03  -0.1034064E+01  -0.5179217E+00
 0.7640000E+02   0.1154822E+01  -0.1543543E+03  -0.1041058E+01  -0.4998120E+00
 0.7660000E+02   0.1152193E+01  -0.1553246E+03  -0.1046983E+01  -0.4810146E+00
 0.7680000E+02   0.1148630E+01  -0.1563000E+03  -0.1051757E+01  -0.4616895E+00
 0.7700000E+02   0.1144152E+01  -0.1572750E+03  -0.1055331E+01  -0.4419953E+00
 0.7720000E+02   0.1138787E+01  -0.1582447E+03  -0.1057677E+01  -0.4220833E+00
 0.7740000E+02   0.1132565E+01  -0.1592046E+03  -0.1058783E+01  -0.4020964E+00
 0.7760000E+02   0.1125515E+01  -0.1601503E+03  -0.1058645E+01  -0.3821735E+00
 0.7780000E+02   0.1117669E+01  -0.1610771E+03  -0.1057265E+01  -0.3624559E+00
 0.7800000E+02   0.1109063E+01  -0.1619797E+03  -0.1054660E+01  -0.3430932E+00
 0.7820000E+02   0.1099747E+01  -0.1628523E+03  -0.1050861E+01  -0.3242458E+00
 0.7840000E+02   0.1089796E+01  -0.1636884E+03  -0.1045929E+01  -0.3060818E+00
 0.7860000E+02   0.1079309E+01  -0.1644814E+03  -0.1039961E+01  -0.2887705E+00
 0.7880000E+02   0.1068417E+01  -0.1652250E+03  -0.1033090E+01  -0.2724715E+00
 0.7900000E+02   0.1057281E+01  -0.1659137E+03  -0.1025489E+01  -0.2573236E+00
 0.7920000E+02   0.1046085E+01  -0.1665434E+03  -0.1017366E+01  -0.2434336E+00
 0.7940000E+02   0.1035034E+01  -0.1671116E+03  -0.1008958E+01  -0.2308667E+00
 0.7960000E+02   0.1024344E+01  -0.1676185E+03  -0.1000520E+01  -0.2196393E+00
 0.7980000E+02   0.1014233E+01  -0.1680669E+03  -0.9923157E+00  -0.2097119E+00
 0.8000000E+02   0.1004913E+01  -0.1684629E+03  -0.9846087E+00  -0.2009854E+00
 0.8020000E+02   0.9965699E+00  -0.1688159E+03  -0.9776440E+00  -0.1932973E+00
 0.8040000E+02   0.9893558E+00  -0.1691389E+03  -0.9716334E+00  -0.1864231E+00
 0.8060000E+02   0.9833668E+00  -0.1694480E+03  -0.9667373E+00  -0.1800813E+00
 0.8080000E+02   0.9786297E+00  -0.1697617E+03  -0.9630468E+00  -0.1739449E+00
 0.8100000E+02   0.9750906E+00  -0.1700992E+03  -0.9605686E+00  -0.1676592E+00
 0.8120000E+02   0.9726098E+00  -0.1704798E+03  -0.9592145E+00  -0.1608649E+00
 0.8140000E+02   0.9709650E+00  -0.1709203E+03  -0.9587987E+00  -0.1532260E+00
 0.8160000E+02   0.9698619E+00  -0.1714341E+03  -0.9590434E+00  -0.1444573E+00
 0.8180000E+02   0.9689530E+00  -0.1720299E+03  -0.9595934E+00  -0.1343523E+00
 0.8200000E+02   0.9678613E+00  -0.1727105E+03  -0.9600388E+00  -0.1228047E+00
 0.8220000E+02   0.9662071E+00  -0.1734733E+03  -0.9599451E+00  -0.1098245E+00
 0.8240000E+02   0.9636356E+00  -0.1743098E+03  -0.9588873E+00  -0.9554348E-01
 0.8260000E+02   0.9598431E+00  -0.1752064E+03  -0.9564858E+00  -0.8021035E-01
 0.8280000E+02   0.9545997E+00  -0.1761453E+03  -0.9524401E+00  -0.6417502E-01
 0.8300000E+02   0.9477661E+00  -0.1771053E+03  -0.9465569E+00  -0.4786208E-01
 0.8320000E+02   0.9393048E+00  -0.1780638E+03  -0.9387686E+00  -0.3173622E-01
 0.8340000E+02   0.9292825E+00  -0.1789972E+03  -0.9291402E+00  -0.1626312E-01
 0.8360000E+02   0.9178652E+00  -0.1798833E+03  -0.9178633E+00  -0.1870149E-02
 0.8380000E+02   0.9053057E+00   0.1792982E+03  -0.9052378E+00   0.1108862E-01
 0.8400000E+02   0.8919247E+00   0.1785635E+03  -0.8916444E+00   0.2235920E-01
 0.8420000E+02   0.8780873E+00   0.1779243E+03  -0.8775111E+00   0.3180415E-01
 0.8440000E+02   0.8641771E+00   0.1773863E+03  -0.8632781E+00   0.3940778E-01
 0.8460000E+02   0.8505697E+00   0.1769490E+03  -0.8493640E+00   0.4527123E-01
 0.8480000E+02   0.8376066E+00   0.1766052E+03  -0.8361368E+00   0.4959893E-01
 0.8500000E+02   0.8255730E+00   0.1763415E+03  -0.8238905E+00   0.5267898E-01
 0.8520000E+02   0.8146784E+00   0.1761388E+03  -0.8128292E+00   0.5485949E-01
 0.8540000E+02   0.8050438E+00   0.1759739E+03  -0.8030570E+00   0.5652302E-01
 0.8560000E+02   0.7966937E+00   0.1758208E+03  -0.7945753E+00   0.5806058E-01
 0.8580000E+02   0.7895568E+00   0.1756529E+03  -0.7872854E+00   0.5984669E-01
 0.8600000E+02   0.7834713E+00   0.1754453E+03  -0.7809971E+00   0.6221633E-01
 0.8620000E+02   0.7781982E+00   0.1751758E+03  -0.7754414E+00   0.6544493E-01
 0.8640000E+02   0.7734374E+00   0.1748273E+03  -0.7702875E+00   0.6973200E-01
 0.8660000E+02   0.7688477E+00   0.1743878E+03  -0.7651623E+00   0.7518914E-01
 0.8680000E+02   0.7640671E+00   0.1738517E+03  -0.7596722E+00   0.8183277E-01
 0.8700000E+02   0.7587331E+00   0.1732194E+03  -0.7534262E+00   0.8958204E-01
 0.8720000E+02   0.7525010E+00   0.1724969E+03  -0.7460579E+00   0.9826192E-01
 0.8740000E+02   0.7450595E+00   0.1716955E+03  -0.7372473E+00   0.1076113E+00
 0.8760000E+02   0.7361443E+00   0.1708315E+03  -0.7267393E+00   0.1172960E+00
 0.8780000E+02   0.7255478E+00   0.1699250E+03  -0.7143595E+00   0.1269257E+00
 0.8800000E+02   0.7131275E+00   0.1689997E+03  -0.7000247E+00   0.1360745E+00
 0.8820000E+02   0.6988099E+00   0.1680828E+03  -0.6837485E+00   0.1443029E+00
 0.8840000E+02   0.6825937E+00   0.1672040E+03  -0.6656413E+00   0.1511814E+00
 0.8860000E+02   0.6645493E+00   0.1663957E+03  -0.6459042E+00   0.1563122E+00
 0.8880000E+02   0.6448169E+00   0.1656927E+03  -0.6248174E+00   0.1593487E+00
 0.8900000E+02   0.6236031E+00   0.1651321E+03  -0.6027249E+00   0.1600109E+00
 0.8920000E+02   0.6011764E+00   0.1647532E+03  -0.5800161E+00   0.1580959E+00
 0.8940000E+02   0.5778616E+00   0.1645971E+03  -0.5571058E+00   0.1534833E+00
 0.8960000E+02   0.5540349E+00   0.1647065E+03  -0.5344149E+00   0.1461347E+00
 0.8980000E+02   0.5301186E+00   0.1651248E+03  -0.5123529E+00   0.1360892E+00
 0.9000000E+02   0.5065762E+00   0.1658947E+03  -0.4913027E+00   0.1234547E+00
 0.9020000E+02   0.4839069E+00   0.1670557E+03  -0.4716101E+00   0.1083966E+00
 0.9040000E+02   0.4626393E+00   0.1686403E+03  -0.4535761E+00   0.9112537E-01
 0.9060000E+02   0.4433206E+00   0.1706682E+03  -0.4374537E+00   0.7188474E-01
 0.9080000E+02   0.4265000E+00   0.1731404E+03  -0.4234470E+00   0.5093994E-01
 0.9100000E+02   0.4127036E+00   0.1760307E+03  -0.4117136E+00   0.2856844E-01
 0.9120000E+02   0.4023990E+00   0.1792806E+03  -0.4023673E+00   0.5052383E-02
 0.9140000E+02   0.3959536E+00  -0.1772022E+03  -0.3954816E+00  -0.1932716E-01
 0.9160000E+02   0.3935935E+00  -0.1735383E+03  -0.3910931E+00  -0.4429451E-01
 0.9180000E+02   0.3953758E+00  -0.1698636E+03  -0.3892046E+00  -0.6958288E-01
 0.9200000E+02   0.4011824E+00  -0.1663114E+03  -0.3897874E+00  -0.9493761E-01
 0.9220000E+02   0.4107403E+00  -0.1629955E+03  -0.3927835E+00  -0.1201195E+00
 0.9240000E+02   0.4236612E+00  -0.1599989E+03  -0.3981084E+00  -0.1449086E+00
 0.9260000E+02   0.4394917E+00  -0.1573698E+03  -0.4056541E+00  -0.1691085E+00
 0.9280000E+02   0.4577603E+00  -0.1551253E+03  -0.4152938E+00  -0.1925502E+00
 0.9300000E+02   0.4780164E+00  -0.1532579E+03  -0.4268882E+00  -0.2150957E+00
 0.9320000E+02   0.4998565E+00  -0.1517437E+03  -0.4402929E+00  -0.2366405E+00
 0.9340000E+02   0.5229403E+00  -0.1505497E+03  -0.4553674E+00  -0.2571131E+00
 0.9360000E+02   0.5469973E+00  -0.1496397E+03  -0.4719843E+00  -0.2764723E+00
 0.9380000E+02   0.5718267E+00  -0.1489779E+03  -0.4900374E+00  -0.2947018E+00
 0.9400000E+02   0.5972921E+00  -0.1485318E+03  -0.5094484E+00  -0.3118015E+00
 0.9420000E+02   0.6233128E+00  -0.1482737E+03  -0.5301710E+00  -0.3277767E+00
 0.9440000E+02   0.6498523E+00  -0.1481809E+03  -0.5521906E+00  -0.3426275E+00
 0.9460000E+02   0.6769053E+00  -0.1482361E+03  -0.5755215E+00  -0.3563367E+00
 0.9480000E+02   0.7044843E+00  -0.1484267E+03  -0.6002001E+00  -0.3688603E+00
 0.9500000E+02   0.7326073E+00  -0.1487442E+03  -0.6262763E+00  -0.3801203E+00
 0.9520000E+02   0.7612859E+00  -0.1491835E+03  -0.6538019E+00  -0.3899992E+00
 0.9540000E+02   0.7905160E+00  -0.1497419E+03  -0.6828193E+00  -0.3983382E+00
 0.9560000E+02   0.8202699E+00  -0.1504182E+03  -0.7133495E+00  -0.4049385E+00
 0.9580000E+02   0.8504903E+00  -0.1512125E+03  -0.7453797E+00  -0.4095642E+00
 0.9600000E+02   0.8810863E+00  -0.1521248E+03  -0.7788523E+00  -0.4119492E+00
 0.9620000E+02   0.9119301E+00  -0.1531552E+03  -0.8136539E+00  -0.4118056E+00
 0.9640000E+02   0.9428564E+00  -0.1543028E+03  -0.8496062E+00  -0.4088366E+00
 0.9660000E+02   0.9736627E+00  -0.1555659E+03  -0.8864595E+00  -0.4027514E+00
 0.9680000E+02   0.1004113E+01  -0.1569414E+03  -0.9238889E+00  -0.3932834E+00
 0.9700000E+02   0.1033942E+01  -0.1584243E+03  -0.9614967E+00  -0.3802111E+00
 0.9720000E+02   0.1062866E+01  -0.1600082E+03  -0.9988199E+00  -0.3633782E+00
 0.9740000E+02   0.1090592E+01  -0.1616847E+03  -0.1035345E+01  -0.3427134E+00
 0.9760000E+02   0.1116829E+01  -0.1634439E+03  -0.1070526E+01  -0.3182456E+00
 0.9780000E+02   0.1141303E+01  -0.1652741E+03  -0.1103815E+01  -0.2901137E+00
 0.9800000E+02   0.1163773E+01  -0.1671628E+03  -0.1134685E+01  -0.2585681E+00
 0.9820000E+02   0.1184035E+01  -0.1690966E+03  -0.1162660E+01  -0.2239645E+00
 0.9840000E+02   0.1201940E+01  -0.1710616E+03  -0.1187343E+01  -0.1867485E+00
 0.9860000E+02   0.1217395E+01  -0.1730441E+03  -0.1208435E+01  -0.1474335E+00
 0.9880000E+02   0.1230369E+01  -0.1750308E+03  -0.1225745E+01  -0.1065741E+00
 0.9900000E+02   0.1240888E+01  -0.1770095E+03  -0.1239199E+01  -0.6473711E-01
 0.9920000E+02   0.1249035E+01  -0.1789690E+03  -0.1248833E+01  -0.2247326E-01
 0.9940000E+02   0.1254937E+01   0.1791002E+03  -0.1254783E+01   0.1970736E-01
 0.9960000E+02   0.1258763E+01   0.1772062E+03  -0.1257267E+01   0.6135487E-01
 0.9980000E+02   0.1260708E+01   0.1753551E+03  -0.1256568E+01   0.1020927E+00
 0.1000000E+03   0.1260985E+01   0.1735514E+03  -0.1253006E+01   0.1416241E+00
