  Freq              AMPL              PHASE          REAL          IMAG
 0.2099800E+00   0.1000004E+01  -0.1594265E-04   0.1000004E+01  -0.2782527E-06
 0.2099800E+00   0.1000004E+01  -0.1594265E-04   0.1000004E+01  -0.2782527E-06
 0.4000000E+00   0.1000013E+01  -0.5949773E-04   0.1000013E+01  -0.1038445E-05
 0.6000000E+00   0.1000030E+01  -0.1351925E-03   0.1000030E+01  -0.2359625E-05
 0.8000000E+00   0.1000053E+01  -0.2437686E-03   0.1000053E+01  -0.4254792E-05
 0.1000000E+01   0.1000083E+01  -0.3868258E-03   0.1000083E+01  -0.6751947E-05
 0.1200000E+01   0.1000120E+01  -0.5660441E-03   0.1000120E+01  -0.9880520E-05
 0.1400000E+01   0.1000164E+01  -0.7832152E-03   0.1000164E+01  -0.1367192E-04
 0.1600000E+01   0.1000214E+01  -0.1040311E-02   0.1000214E+01  -0.1816073E-04
 0.1800000E+01   0.1000271E+01  -0.1339643E-02   0.1000271E+01  -0.2338752E-04
 0.2000000E+01   0.1000335E+01  -0.1684229E-02   0.1000335E+01  -0.2940521E-04
 0.2200000E+01   0.1000407E+01  -0.2076715E-02   0.1000407E+01  -0.3626024E-04
 0.2400000E+01   0.1000487E+01  -0.2517362E-02   0.1000487E+01  -0.4395766E-04
 0.2600000E+01   0.1000565E+01  -0.3645808E-02   0.1000565E+01  -0.6366729E-04
 0.2800000E+01   0.1000655E+01  -0.3666970E-02   0.1000655E+01  -0.6404261E-04
 0.3000000E+01   0.1000756E+01  -0.4167348E-02   0.1000756E+01  -0.7278889E-04
 0.3200000E+01   0.1000864E+01  -0.4826531E-02   0.1000864E+01  -0.8431161E-04
 0.3400000E+01   0.1000980E+01  -0.5651244E-02   0.1000980E+01  -0.9872944E-04
 0.3600000E+01   0.1001101E+01  -0.6920285E-02   0.1001101E+01  -0.1209148E-03
 0.3800000E+01   0.1001214E+01  -0.8241024E-02   0.1001214E+01  -0.1440076E-03
 0.4000000E+01   0.1001343E+01  -0.8330105E-02   0.1001343E+01  -0.1455830E-03
 0.4200000E+01   0.1001489E+01  -0.9018212E-02   0.1001489E+01  -0.1576319E-03
 0.4400000E+01   0.1001642E+01  -0.9972720E-02   0.1001642E+01  -0.1743426E-03
 0.4600000E+01   0.1001802E+01  -0.1105306E-01   0.1001802E+01  -0.1932599E-03
 0.4800000E+01   0.1001969E+01  -0.1223184E-01   0.1001969E+01  -0.2139062E-03
 0.5000000E+01   0.1002145E+01  -0.1350537E-01   0.1002145E+01  -0.2362189E-03
 0.5200000E+01   0.1002329E+01  -0.1487694E-01   0.1002329E+01  -0.2602565E-03
 0.5400000E+01   0.1002522E+01  -0.1635374E-01   0.1002522E+01  -0.2861466E-03
 0.5600000E+01   0.1002725E+01  -0.1794762E-01   0.1002725E+01  -0.3140987E-03
 0.5800000E+01   0.1002937E+01  -0.1967934E-01   0.1002937E+01  -0.3444781E-03
 0.6000000E+01   0.1003160E+01  -0.2159186E-01   0.1003160E+01  -0.3780398E-03
 0.6200000E+01   0.1003394E+01  -0.2379453E-01   0.1003394E+01  -0.4167022E-03
 0.6400000E+01   0.1003637E+01  -0.2657007E-01   0.1003637E+01  -0.4654218E-03
 0.6600000E+01   0.1003875E+01  -0.2968746E-01   0.1003875E+01  -0.5201518E-03
 0.6800000E+01   0.1004124E+01  -0.3230421E-01   0.1004124E+01  -0.5661403E-03
 0.7000000E+01   0.1004373E+01  -0.3482701E-01   0.1004373E+01  -0.6105042E-03
 0.7200000E+01   0.1004651E+01  -0.3651805E-01   0.1004651E+01  -0.6403247E-03
 0.7400000E+01   0.1004954E+01  -0.3894589E-01   0.1004954E+01  -0.6831016E-03
 0.7600000E+01   0.1005273E+01  -0.4203198E-01   0.1005273E+01  -0.7374650E-03
 0.7800000E+01   0.1005609E+01  -0.4566866E-01   0.1005608E+01  -0.8015388E-03
 0.8000000E+01   0.1005962E+01  -0.4991328E-01   0.1005962E+01  -0.8763451E-03
 0.8200000E+01   0.1006338E+01  -0.5495568E-01   0.1006338E+01  -0.9652368E-03
 0.8400000E+01   0.1006740E+01  -0.6116297E-01   0.1006740E+01  -0.1074690E-02
 0.8600000E+01   0.1007171E+01  -0.6918357E-01   0.1007171E+01  -0.1216140E-02
 0.8800000E+01   0.1007632E+01  -0.7987076E-01   0.1007631E+01  -0.1404647E-02
 0.9000000E+01   0.1008132E+01  -0.9489605E-01   0.1008131E+01  -0.1669717E-02
 0.9200000E+01   0.1008646E+01  -0.1180657E+00   0.1008644E+01  -0.2078450E-02
 0.9400000E+01   0.1009116E+01  -0.1548034E+00   0.1009113E+01  -0.2726456E-02
 0.9600000E+01   0.1009212E+01  -0.2145094E+00   0.1009204E+01  -0.3778373E-02
 0.9800000E+01   0.1008226E+01  -0.2658036E+00   0.1008215E+01  -0.4677291E-02
 0.1000000E+02   0.1006860E+01  -0.2303825E+00   0.1006852E+01  -0.4048507E-02
 0.1020000E+02   0.1006749E+01  -0.1432020E+00   0.1006746E+01  -0.2516212E-02
 0.1040000E+02   0.1007746E+01  -0.8385762E-01   0.1007745E+01  -0.1474929E-02
 0.1060000E+02   0.1008896E+01  -0.6801709E-01   0.1008896E+01  -0.1197683E-02
 0.1080000E+02   0.1009847E+01  -0.7125090E-01   0.1009846E+01  -0.1255808E-02
 0.1100000E+02   0.1010637E+01  -0.8167944E-01   0.1010636E+01  -0.1440738E-02
 0.1120000E+02   0.1011298E+01  -0.9356144E-01   0.1011296E+01  -0.1651403E-02
 0.1140000E+02   0.1011900E+01  -0.1038818E+00   0.1011898E+01  -0.1834655E-02
 0.1160000E+02   0.1012492E+01  -0.1129343E+00   0.1012490E+01  -0.1995698E-02
 0.1180000E+02   0.1013092E+01  -0.1214679E+00   0.1013090E+01  -0.2147769E-02
 0.1200000E+02   0.1013708E+01  -0.1299658E+00   0.1013706E+01  -0.2299424E-02
 0.1220000E+02   0.1014343E+01  -0.1387252E+00   0.1014340E+01  -0.2455936E-02
 0.1240000E+02   0.1014999E+01  -0.1479676E+00   0.1014996E+01  -0.2621256E-02
 0.1260000E+02   0.1015680E+01  -0.1579110E+00   0.1015676E+01  -0.2799278E-02
 0.1280000E+02   0.1016387E+01  -0.1688278E+00   0.1016383E+01  -0.2994884E-02
 0.1300000E+02   0.1017123E+01  -0.1811161E+00   0.1017118E+01  -0.3215194E-02
 0.1320000E+02   0.1017886E+01  -0.1953938E+00   0.1017880E+01  -0.3471252E-02
 0.1340000E+02   0.1018667E+01  -0.2125551E+00   0.1018660E+01  -0.3779027E-02
 0.1360000E+02   0.1019438E+01  -0.2333832E+00   0.1019429E+01  -0.4152469E-02
 0.1380000E+02   0.1020153E+01  -0.2569901E+00   0.1020143E+01  -0.4575702E-02
 0.1400000E+02   0.1020795E+01  -0.2807036E+00   0.1020782E+01  -0.5001059E-02
 0.1420000E+02   0.1021345E+01  -0.3021472E+00   0.1021330E+01  -0.5385999E-02
 0.1440000E+02   0.1021827E+01  -0.3140533E+00   0.1021811E+01  -0.5600873E-02
 0.1460000E+02   0.1022447E+01  -0.3145760E+00   0.1022432E+01  -0.5613603E-02
 0.1480000E+02   0.1023297E+01  -0.3137997E+00   0.1023282E+01  -0.5604406E-02
 0.1500000E+02   0.1024296E+01  -0.3177515E+00   0.1024280E+01  -0.5680522E-02
 0.1520000E+02   0.1025372E+01  -0.3266133E+00   0.1025355E+01  -0.5845076E-02
 0.1540000E+02   0.1026495E+01  -0.3392306E+00   0.1026477E+01  -0.6077525E-02
 0.1560000E+02   0.1027660E+01  -0.3547714E+00   0.1027640E+01  -0.6363157E-02
 0.1580000E+02   0.1028865E+01  -0.3727808E+00   0.1028843E+01  -0.6694008E-02
 0.1600000E+02   0.1030111E+01  -0.3929220E+00   0.1030087E+01  -0.7064223E-02
 0.1620000E+02   0.1031402E+01  -0.4148983E+00   0.1031375E+01  -0.7468670E-02
 0.1640000E+02   0.1032746E+01  -0.4385454E+00   0.1032715E+01  -0.7904620E-02
 0.1660000E+02   0.1034151E+01  -0.4640184E+00   0.1034117E+01  -0.8375131E-02
 0.1680000E+02   0.1035623E+01  -0.4915923E+00   0.1035584E+01  -0.8885434E-02
 0.1700000E+02   0.1037165E+01  -0.5214682E+00   0.1037122E+01  -0.9439461E-02
 0.1720000E+02   0.1038784E+01  -0.5538150E+00   0.1038736E+01  -0.1004063E-01
 0.1740000E+02   0.1040486E+01  -0.5888218E+00   0.1040431E+01  -0.1069276E-01
 0.1760000E+02   0.1042277E+01  -0.6267081E+00   0.1042214E+01  -0.1140032E-01
 0.1780000E+02   0.1044165E+01  -0.6677218E+00   0.1044094E+01  -0.1216837E-01
 0.1800000E+02   0.1046161E+01  -0.7121336E+00   0.1046080E+01  -0.1300248E-01
 0.1820000E+02   0.1048276E+01  -0.7602408E+00   0.1048183E+01  -0.1390885E-01
 0.1840000E+02   0.1050524E+01  -0.8123991E+00   0.1050418E+01  -0.1489492E-01
 0.1860000E+02   0.1052926E+01  -0.8691325E+00   0.1052805E+01  -0.1597145E-01
 0.1880000E+02   0.1055505E+01  -0.9313628E+00   0.1055366E+01  -0.1715685E-01
 0.1900000E+02   0.1058287E+01  -0.1000673E+01   0.1058126E+01  -0.1848208E-01
 0.1920000E+02   0.1061283E+01  -0.1079300E+01   0.1061094E+01  -0.1999056E-01
 0.1940000E+02   0.1064477E+01  -0.1169004E+01   0.1064256E+01  -0.2171700E-01
 0.1960000E+02   0.1067859E+01  -0.1269406E+01   0.1067596E+01  -0.2365680E-01
 0.1980000E+02   0.1071456E+01  -0.1379170E+01   0.1071146E+01  -0.2578860E-01
 0.2000000E+02   0.1075339E+01  -0.1497968E+01   0.1074971E+01  -0.2811096E-01
 0.2020000E+02   0.1079595E+01  -0.1626376E+01   0.1079160E+01  -0.3064083E-01
 0.2040000E+02   0.1084353E+01  -0.1765584E+01   0.1083839E+01  -0.3340934E-01
 0.2060000E+02   0.1089820E+01  -0.1918689E+01   0.1089209E+01  -0.3648846E-01
 0.2080000E+02   0.1096303E+01  -0.2094888E+01   0.1095570E+01  -0.4007485E-01
 0.2100000E+02   0.1104161E+01  -0.2316921E+01   0.1103258E+01  -0.4463778E-01
 0.2120000E+02   0.1113559E+01  -0.2625189E+01   0.1112390E+01  -0.5100340E-01
 0.2140000E+02   0.1124181E+01  -0.3065369E+01   0.1122573E+01  -0.6011588E-01
 0.2160000E+02   0.1135339E+01  -0.3668563E+01   0.1133013E+01  -0.7264443E-01
 0.2180000E+02   0.1146294E+01  -0.4451359E+01   0.1142836E+01  -0.8896704E-01
 0.2200000E+02   0.1156346E+01  -0.5426017E+01   0.1151164E+01  -0.1093445E+00
 0.2220000E+02   0.1164790E+01  -0.6610125E+01   0.1157047E+01  -0.1340821E+00
 0.2240000E+02   0.1170637E+01  -0.8035592E+01   0.1159143E+01  -0.1636413E+00
 0.2260000E+02   0.1172105E+01  -0.9741791E+01   0.1155204E+01  -0.1983299E+00
 0.2280000E+02   0.1166212E+01  -0.1174587E+02   0.1141791E+01  -0.2374071E+00
 0.2300000E+02   0.1148853E+01  -0.1398815E+02   0.1114784E+01  -0.2777020E+00
 0.2320000E+02   0.1116036E+01  -0.1625701E+02   0.1071412E+01  -0.3124304E+00
 0.2340000E+02   0.1066823E+01  -0.1814134E+02   0.1013792E+01  -0.3321683E+00
 0.2360000E+02   0.1006512E+01  -0.1912008E+02   0.9509867E+00  -0.3296819E+00
 0.2380000E+02   0.9460580E+00  -0.1883883E+02   0.8953783E+00  -0.3054889E+00
 0.2400000E+02   0.8963425E+00  -0.1737165E+02   0.8554587E+00  -0.2676196E+00
 0.2420000E+02   0.8626466E+00  -0.1517382E+02   0.8325715E+00  -0.2257963E+00
 0.2440000E+02   0.8442337E+00  -0.1277931E+02   0.8233214E+00  -0.1867415E+00
 0.2460000E+02   0.8373285E+00  -0.1056132E+02   0.8231436E+00  -0.1534721E+00
 0.2480000E+02   0.8377970E+00  -0.8688727E+01   0.8281822E+00  -0.1265629E+00
 0.2500000E+02   0.8423215E+00  -0.7187679E+01   0.8357022E+00  -0.1053912E+00
 0.2520000E+02   0.8486285E+00  -0.6009385E+01   0.8439651E+00  -0.8884408E-01
 0.2540000E+02   0.8554260E+00  -0.5077872E+01   0.8520687E+00  -0.7571343E-01
 0.2560000E+02   0.8621887E+00  -0.4324675E+01   0.8597338E+00  -0.6501606E-01
 0.2580000E+02   0.8687740E+00  -0.3704509E+01   0.8669588E+00  -0.5613222E-01
 0.2600000E+02   0.8751251E+00  -0.3188777E+01   0.8737701E+00  -0.4867964E-01
 0.2620000E+02   0.8812294E+00  -0.2756338E+01   0.8802099E+00  -0.4237711E-01
 0.2640000E+02   0.8871283E+00  -0.2394155E+01   0.8863540E+00  -0.3705866E-01
 0.2660000E+02   0.8928167E+00  -0.2097666E+01   0.8922185E+00  -0.3267978E-01
 0.2680000E+02   0.8981771E+00  -0.1862949E+01   0.8977023E+00  -0.2919872E-01
 0.2700000E+02   0.9030601E+00  -0.1680254E+01   0.9026718E+00  -0.2647931E-01
 0.2720000E+02   0.9073843E+00  -0.1536075E+01   0.9070582E+00  -0.2432367E-01
 0.2740000E+02   0.9111412E+00  -0.1417797E+01   0.9108623E+00  -0.2254409E-01
 0.2760000E+02   0.9143546E+00  -0.1314600E+01   0.9141139E+00  -0.2097720E-01
 0.2780000E+02   0.9170786E+00  -0.1215784E+01   0.9168722E+00  -0.1945842E-01
 0.2800000E+02   0.9194390E+00  -0.1111680E+01   0.9192660E+00  -0.1783828E-01
 0.2820000E+02   0.9216272E+00  -0.9982515E+00   0.9214873E+00  -0.1605649E-01
 0.2840000E+02   0.9238088E+00  -0.8792053E+00   0.9237001E+00  -0.1417532E-01
 0.2860000E+02   0.9260448E+00  -0.7616697E+00   0.9259630E+00  -0.1231015E-01
 0.2880000E+02   0.9283097E+00  -0.6505378E+00   0.9282499E+00  -0.1053983E-01
 0.2900000E+02   0.9305580E+00  -0.5470009E+00   0.9305156E+00  -0.8883872E-02
 0.2920000E+02   0.9327608E+00  -0.4503594E+00   0.9327319E+00  -0.7331661E-02
 0.2940000E+02   0.9349007E+00  -0.3595734E+00   0.9348823E+00  -0.5867155E-02
 0.2960000E+02   0.9369613E+00  -0.2732175E+00   0.9369507E+00  -0.4467926E-02
 0.2980000E+02   0.9389318E+00  -0.1890131E+00   0.9389267E+00  -0.3097437E-02
 0.3000000E+02   0.9408175E+00  -0.1040183E+00   0.9408159E+00  -0.1708018E-02
 0.3020000E+02   0.9426445E+00  -0.1522111E-01   0.9426444E+00  -0.2504215E-03
 0.3040000E+02   0.9444579E+00   0.8005552E-01   0.9444570E+00   0.1319627E-02
 0.3060000E+02   0.9463221E+00   0.1839625E+00   0.9463172E+00   0.3038399E-02
 0.3080000E+02   0.9483242E+00   0.2978024E+00   0.9483114E+00   0.4929019E-02
 0.3100000E+02   0.9505788E+00   0.4212588E+00   0.9505531E+00   0.6988927E-02
 0.3120000E+02   0.9532251E+00   0.5510326E+00   0.9531810E+00   0.9167342E-02
 0.3140000E+02   0.9564061E+00   0.6790873E+00   0.9563390E+00   0.1133536E-01
 0.3160000E+02   0.9602166E+00   0.7914724E+00   0.9601250E+00   0.1326382E-01
 0.3180000E+02   0.9646237E+00   0.8697226E+00   0.9645126E+00   0.1464197E-01
 0.3200000E+02   0.9694037E+00   0.8965835E+00   0.9692850E+00   0.1516893E-01
 0.3220000E+02   0.9741704E+00   0.8643100E+00   0.9740595E+00   0.1469486E-01
 0.3240000E+02   0.9785165E+00   0.7793117E+00   0.9784260E+00   0.1330894E-01
 0.3260000E+02   0.9821719E+00   0.6586740E+00   0.9821070E+00   0.1129083E-01
 0.3280000E+02   0.9850612E+00   0.5219300E+00   0.9850204E+00   0.8973190E-02
 0.3300000E+02   0.9872565E+00   0.3847548E+00   0.9872343E+00   0.6629613E-02
 0.3320000E+02   0.9888988E+00   0.2569817E+00   0.9888889E+00   0.4435371E-02
 0.3340000E+02   0.9901403E+00   0.1433185E+00   0.9901372E+00   0.2476714E-02
 0.3360000E+02   0.9911138E+00   0.4488259E-01   0.9911135E+00   0.7763880E-03
 0.3380000E+02   0.9919211E+00  -0.3933148E-01   0.9919209E+00  -0.6809179E-03
 0.3400000E+02   0.9926328E+00  -0.1113301E+00   0.9926309E+00  -0.1928761E-02
 0.3420000E+02   0.9932926E+00  -0.1733498E+00   0.9932880E+00  -0.3005227E-02
 0.3440000E+02   0.9939244E+00  -0.2273652E+00   0.9939166E+00  -0.3944152E-02
 0.3460000E+02   0.9945405E+00  -0.2748527E+00   0.9945291E+00  -0.4770877E-02
 0.3480000E+02   0.9951485E+00  -0.3168106E+00   0.9951332E+00  -0.5502533E-02
 0.3500000E+02   0.9957557E+00  -0.3539576E+00   0.9957367E+00  -0.6151467E-02
 0.3520000E+02   0.9963701E+00  -0.3869481E+00   0.9963474E+00  -0.6728952E-02
 0.3540000E+02   0.9969982E+00  -0.4164620E+00   0.9969718E+00  -0.7246751E-02
 0.3560000E+02   0.9976435E+00  -0.4431576E+00   0.9976136E+00  -0.7716256E-02
 0.3580000E+02   0.9983073E+00  -0.4675804E+00   0.9982741E+00  -0.8146913E-02
 0.3600000E+02   0.9989900E+00  -0.4901249E+00   0.9989534E+00  -0.8545549E-02
 0.3620000E+02   0.9996926E+00  -0.5110743E+00   0.9996528E+00  -0.8917069E-02
 0.3640000E+02   0.1000417E+01  -0.5306874E+00   0.1000374E+01  -0.9265975E-02
 0.3660000E+02   0.1001167E+01  -0.5492722E+00   0.1001121E+01  -0.9597649E-02
 0.3680000E+02   0.1001944E+01  -0.5671976E+00   0.1001895E+01  -0.9918549E-02
 0.3700000E+02   0.1002749E+01  -0.5848531E+00   0.1002697E+01  -0.1023550E-01
 0.3720000E+02   0.1003582E+01  -0.6026043E+00   0.1003526E+01  -0.1055491E-01
 0.3740000E+02   0.1004441E+01  -0.6207771E+00   0.1004382E+01  -0.1088251E-01
 0.3760000E+02   0.1005326E+01  -0.6396747E+00   0.1005264E+01  -0.1122366E-01
 0.3780000E+02   0.1006236E+01  -0.6596203E+00   0.1006169E+01  -0.1158408E-01
 0.3800000E+02   0.1007168E+01  -0.6810008E+00   0.1007097E+01  -0.1197063E-01
 0.3820000E+02   0.1008120E+01  -0.7042728E+00   0.1008044E+01  -0.1239138E-01
 0.3840000E+02   0.1009082E+01  -0.7298973E+00   0.1009001E+01  -0.1285447E-01
 0.3860000E+02   0.1010044E+01  -0.7581939E+00   0.1009956E+01  -0.1336551E-01
 0.3880000E+02   0.1010991E+01  -0.7891752E+00   0.1010895E+01  -0.1392464E-01
 0.3900000E+02   0.1011907E+01  -0.8224697E+00   0.1011802E+01  -0.1452522E-01
 0.3920000E+02   0.1012782E+01  -0.8574037E+00   0.1012669E+01  -0.1515523E-01
 0.3940000E+02   0.1013613E+01  -0.8931927E+00   0.1013490E+01  -0.1580073E-01
 0.3960000E+02   0.1014400E+01  -0.9291233E+00   0.1014267E+01  -0.1644906E-01
 0.3980000E+02   0.1015146E+01  -0.9646174E+00   0.1015002E+01  -0.1708993E-01
 0.4000000E+02   0.1015853E+01  -0.9991552E+00   0.1015698E+01  -0.1771410E-01
 0.4020000E+02   0.1016525E+01  -0.1032142E+01   0.1016361E+01  -0.1831098E-01
 0.4040000E+02   0.1017170E+01  -0.1062862E+01   0.1016995E+01  -0.1886787E-01
 0.4060000E+02   0.1017801E+01  -0.1090599E+01   0.1017617E+01  -0.1937222E-01
 0.4080000E+02   0.1018440E+01  -0.1114892E+01   0.1018247E+01  -0.1981610E-01
 0.4100000E+02   0.1019111E+01  -0.1135801E+01   0.1018911E+01  -0.2020101E-01
 0.4120000E+02   0.1019842E+01  -0.1154080E+01   0.1019635E+01  -0.2054077E-01
 0.4140000E+02   0.1020650E+01  -0.1171120E+01   0.1020437E+01  -0.2086053E-01
 0.4160000E+02   0.1021540E+01  -0.1188624E+01   0.1021320E+01  -0.2119074E-01
 0.4180000E+02   0.1022503E+01  -0.1208110E+01   0.1022275E+01  -0.2155837E-01
 0.4200000E+02   0.1023519E+01  -0.1230542E+01   0.1023283E+01  -0.2198044E-01
 0.4220000E+02   0.1024570E+01  -0.1256268E+01   0.1024324E+01  -0.2246295E-01
 0.4240000E+02   0.1025640E+01  -0.1285205E+01   0.1025382E+01  -0.2300426E-01
 0.4260000E+02   0.1026717E+01  -0.1317073E+01   0.1026446E+01  -0.2359934E-01
 0.4280000E+02   0.1027794E+01  -0.1351564E+01   0.1027508E+01  -0.2424264E-01
 0.4300000E+02   0.1028867E+01  -0.1388397E+01   0.1028565E+01  -0.2492916E-01
 0.4320000E+02   0.1029931E+01  -0.1427315E+01   0.1029612E+01  -0.2565432E-01
 0.4340000E+02   0.1030983E+01  -0.1468041E+01   0.1030644E+01  -0.2641310E-01
 0.4360000E+02   0.1032018E+01  -0.1510226E+01   0.1031660E+01  -0.2719922E-01
 0.4380000E+02   0.1033036E+01  -0.1553410E+01   0.1032656E+01  -0.2800436E-01
 0.4400000E+02   0.1034035E+01  -0.1597011E+01   0.1033633E+01  -0.2881803E-01
 0.4420000E+02   0.1035021E+01  -0.1640369E+01   0.1034597E+01  -0.2962845E-01
 0.4440000E+02   0.1036004E+01  -0.1682853E+01   0.1035557E+01  -0.3042444E-01
 0.4460000E+02   0.1037000E+01  -0.1723996E+01   0.1036531E+01  -0.3119800E-01
 0.4480000E+02   0.1038030E+01  -0.1763646E+01   0.1037538E+01  -0.3194699E-01
 0.4500000E+02   0.1039117E+01  -0.1802080E+01   0.1038603E+01  -0.3267717E-01
 0.4520000E+02   0.1040287E+01  -0.1840101E+01   0.1039750E+01  -0.3340392E-01
 0.4540000E+02   0.1041560E+01  -0.1879093E+01   0.1040999E+01  -0.3415323E-01
 0.4560000E+02   0.1042947E+01  -0.1920982E+01   0.1042361E+01  -0.3496082E-01
 0.4580000E+02   0.1044448E+01  -0.1968013E+01   0.1043832E+01  -0.3586798E-01
 0.4600000E+02   0.1046044E+01  -0.2022354E+01   0.1045392E+01  -0.3691426E-01
 0.4620000E+02   0.1047700E+01  -0.2085620E+01   0.1047006E+01  -0.3812884E-01
 0.4640000E+02   0.1049375E+01  -0.2158544E+01   0.1048630E+01  -0.3952448E-01
 0.4660000E+02   0.1051028E+01  -0.2240914E+01   0.1050224E+01  -0.4109661E-01
 0.4680000E+02   0.1052626E+01  -0.2331819E+01   0.1051754E+01  -0.4282786E-01
 0.4700000E+02   0.1054148E+01  -0.2430030E+01   0.1053200E+01  -0.4469515E-01
 0.4720000E+02   0.1055584E+01  -0.2534338E+01   0.1054551E+01  -0.4667592E-01
 0.4740000E+02   0.1056929E+01  -0.2643729E+01   0.1055804E+01  -0.4875130E-01
 0.4760000E+02   0.1058184E+01  -0.2757410E+01   0.1056959E+01  -0.5090637E-01
 0.4780000E+02   0.1059347E+01  -0.2874724E+01   0.1058014E+01  -0.5312875E-01
 0.4800000E+02   0.1060421E+01  -0.2995061E+01   0.1058972E+01  -0.5540686E-01
 0.4820000E+02   0.1061408E+01  -0.3117810E+01   0.1059837E+01  -0.5772912E-01
 0.4840000E+02   0.1062314E+01  -0.3242395E+01   0.1060614E+01  -0.6008479E-01
 0.4860000E+02   0.1063152E+01  -0.3368405E+01   0.1061316E+01  -0.6246648E-01
 0.4880000E+02   0.1063937E+01  -0.3495779E+01   0.1061958E+01  -0.6487358E-01
 0.4900000E+02   0.1064685E+01  -0.3624958E+01   0.1062555E+01  -0.6731499E-01
 0.4920000E+02   0.1065407E+01  -0.3756923E+01   0.1063118E+01  -0.6980941E-01
 0.4940000E+02   0.1066104E+01  -0.3893042E+01   0.1063644E+01  -0.7238220E-01
 0.4960000E+02   0.1066762E+01  -0.4034763E+01   0.1064118E+01  -0.7505919E-01
 0.4980000E+02   0.1067354E+01  -0.4183217E+01   0.1064511E+01  -0.7785930E-01
 0.5000000E+02   0.1067843E+01  -0.4338862E+01   0.1064783E+01  -0.8078778E-01
 0.5020000E+02   0.1068188E+01  -0.4501251E+01   0.1064894E+01  -0.8383235E-01
 0.5040000E+02   0.1068353E+01  -0.4669017E+01   0.1064808E+01  -0.8696351E-01
 0.5060000E+02   0.1068317E+01  -0.4840106E+01   0.1064507E+01  -0.9013961E-01
 0.5080000E+02   0.1068076E+01  -0.5012226E+01   0.1063992E+01  -0.9331597E-01
 0.5100000E+02   0.1067646E+01  -0.5183408E+01   0.1063280E+01  -0.9645559E-01
 0.5120000E+02   0.1067056E+01  -0.5352506E+01   0.1062403E+01  -0.9953823E-01
 0.5140000E+02   0.1066338E+01  -0.5519473E+01   0.1061394E+01  -0.1025647E+00
 0.5160000E+02   0.1065515E+01  -0.5685304E+01   0.1060274E+01  -0.1055548E+00
 0.5180000E+02   0.1064590E+01  -0.5851661E+01   0.1059043E+01  -0.1085385E+00
 0.5200000E+02   0.1063543E+01  -0.6020233E+01   0.1057677E+01  -0.1115440E+00
 0.5220000E+02   0.1062328E+01  -0.6191996E+01   0.1056130E+01  -0.1145832E+00
 0.5240000E+02   0.1060885E+01  -0.6366505E+01   0.1054343E+01  -0.1176394E+00
 0.5260000E+02   0.1059154E+01  -0.6541463E+01   0.1052259E+01  -0.1206612E+00
 0.5280000E+02   0.1057092E+01  -0.6712698E+01   0.1049846E+01  -0.1235644E+00
 0.5300000E+02   0.1054691E+01  -0.6874690E+01   0.1047109E+01  -0.1262448E+00
 0.5320000E+02   0.1051993E+01  -0.7021582E+01   0.1044103E+01  -0.1285989E+00
 0.5340000E+02   0.1049084E+01  -0.7148506E+01   0.1040930E+01  -0.1305496E+00
 0.5360000E+02   0.1046091E+01  -0.7252874E+01   0.1037721E+01  -0.1320677E+00
 0.5380000E+02   0.1043151E+01  -0.7335239E+01   0.1034614E+01  -0.1331840E+00
 0.5400000E+02   0.1040386E+01  -0.7399407E+01   0.1031722E+01  -0.1339864E+00
 0.5420000E+02   0.1037872E+01  -0.7451713E+01   0.1029107E+01  -0.1346022E+00
 0.5440000E+02   0.1035630E+01  -0.7499663E+01   0.1026771E+01  -0.1351708E+00
 0.5460000E+02   0.1033620E+01  -0.7550340E+01   0.1024659E+01  -0.1358148E+00
 0.5480000E+02   0.1031756E+01  -0.7609024E+01   0.1022671E+01  -0.1366173E+00
 0.5500000E+02   0.1029924E+01  -0.7678384E+01   0.1020690E+01  -0.1376105E+00
 0.5520000E+02   0.1028013E+01  -0.7758386E+01   0.1018603E+01  -0.1387776E+00
 0.5540000E+02   0.1025927E+01  -0.7846827E+01   0.1016321E+01  -0.1400650E+00
 0.5560000E+02   0.1023599E+01  -0.7940207E+01   0.1013785E+01  -0.1413995E+00
 0.5580000E+02   0.1020986E+01  -0.8034575E+01   0.1010964E+01  -0.1427039E+00
 0.5600000E+02   0.1018068E+01  -0.8126016E+01   0.1007846E+01  -0.1439047E+00
 0.5620000E+02   0.1014831E+01  -0.8210698E+01   0.1004429E+01  -0.1449319E+00
 0.5640000E+02   0.1011271E+01  -0.8284576E+01   0.1000718E+01  -0.1457138E+00
 0.5660000E+02   0.1007390E+01  -0.8343037E+01   0.9967290E+00  -0.1461717E+00
 0.5680000E+02   0.1003211E+01  -0.8380789E+01   0.9924979E+00  -0.1462193E+00
 0.5700000E+02   0.9987826E+00  -0.8392151E+01   0.9880879E+00  -0.1457698E+00
 0.5720000E+02   0.9941881E+00  -0.8371748E+01   0.9835943E+00  -0.1447490E+00
 0.5740000E+02   0.9895425E+00  -0.8315399E+01   0.9791394E+00  -0.1431098E+00
 0.5760000E+02   0.9849825E+00  -0.8220902E+01   0.9748609E+00  -0.1408426E+00
 0.5780000E+02   0.9806518E+00  -0.8088462E+01   0.9708963E+00  -0.1379795E+00
 0.5800000E+02   0.9766862E+00  -0.7920707E+01   0.9673683E+00  -0.1345898E+00
 0.5820000E+02   0.9732006E+00  -0.7722367E+01   0.9643744E+00  -0.1307719E+00
 0.5840000E+02   0.9702811E+00  -0.7499756E+01   0.9619808E+00  -0.1266430E+00
 0.5860000E+02   0.9679801E+00  -0.7260161E+01   0.9602194E+00  -0.1223284E+00
 0.5880000E+02   0.9663141E+00  -0.7011148E+01   0.9590884E+00  -0.1179507E+00
 0.5900000E+02   0.9652667E+00  -0.6759828E+01   0.9585564E+00  -0.1136194E+00
 0.5920000E+02   0.9647950E+00  -0.6512222E+01   0.9585699E+00  -0.1094224E+00
 0.5940000E+02   0.9648409E+00  -0.6272872E+01   0.9590642E+00  -0.1054221E+00
 0.5960000E+02   0.9653418E+00  -0.6044801E+01   0.9599743E+00  -0.1016563E+00
 0.5980000E+02   0.9662404E+00  -0.5829780E+01   0.9612431E+00  -0.9814431E-01
 0.6000000E+02   0.9674897E+00  -0.5628759E+01   0.9628247E+00  -0.9489374E-01
 0.6020000E+02   0.9690536E+00  -0.5442294E+01   0.9646853E+00  -0.9190812E-01
 0.6040000E+02   0.9709052E+00  -0.5270867E+01   0.9667998E+00  -0.8919152E-01
 0.6060000E+02   0.9730243E+00  -0.5115081E+01   0.9691494E+00  -0.8675140E-01
 0.6080000E+02   0.9753938E+00  -0.4975763E+01   0.9717181E+00  -0.8460013E-01
 0.6100000E+02   0.9779974E+00  -0.4854023E+01   0.9744898E+00  -0.8275558E-01
 0.6120000E+02   0.9808159E+00  -0.4751255E+01   0.9774455E+00  -0.8124102E-01
 0.6140000E+02   0.9838238E+00  -0.4669062E+01   0.9805590E+00  -0.8008360E-01
 0.6160000E+02   0.9869870E+00  -0.4609084E+01   0.9837952E+00  -0.7931127E-01
 0.6180000E+02   0.9902607E+00  -0.4572752E+01   0.9871086E+00  -0.7894841E-01
 0.6200000E+02   0.9935909E+00  -0.4561031E+01   0.9904444E+00  -0.7901130E-01
 0.6220000E+02   0.9969172E+00  -0.4574216E+01   0.9937418E+00  -0.7950449E-01
 0.6240000E+02   0.1000177E+01  -0.4611835E+01   0.9969385E+00  -0.8041903E-01
 0.6260000E+02   0.1003309E+01  -0.4672665E+01   0.9999746E+00  -0.8173260E-01
 0.6280000E+02   0.1006260E+01  -0.4754843E+01   0.1002797E+01  -0.8341137E-01
 0.6300000E+02   0.1008984E+01  -0.4856022E+01   0.1005362E+01  -0.8541265E-01
 0.6320000E+02   0.1011445E+01  -0.4973549E+01   0.1007637E+01  -0.8768807E-01
 0.6340000E+02   0.1013619E+01  -0.5104650E+01   0.1009599E+01  -0.9018688E-01
 0.6360000E+02   0.1015492E+01  -0.5246606E+01   0.1011237E+01  -0.9285924E-01
 0.6380000E+02   0.1017059E+01  -0.5396914E+01   0.1012550E+01  -0.9565913E-01
 0.6400000E+02   0.1018321E+01  -0.5553397E+01   0.1013541E+01  -0.9854636E-01
 0.6420000E+02   0.1019284E+01  -0.5714237E+01   0.1014219E+01  -0.1014870E+00
 0.6440000E+02   0.1019952E+01  -0.5877916E+01   0.1014589E+01  -0.1044524E+00
 0.6460000E+02   0.1020328E+01  -0.6043068E+01   0.1014658E+01  -0.1074161E+00
 0.6480000E+02   0.1020413E+01  -0.6208314E+01   0.1014429E+01  -0.1103512E+00
 0.6500000E+02   0.1020208E+01  -0.6372110E+01   0.1013905E+01  -0.1132280E+00
 0.6520000E+02   0.1019715E+01  -0.6532682E+01   0.1013094E+01  -0.1160129E+00
 0.6540000E+02   0.1018941E+01  -0.6688058E+01   0.1012007E+01  -0.1186697E+00
 0.6560000E+02   0.1017902E+01  -0.6836190E+01   0.1010666E+01  -0.1211621E+00
 0.6580000E+02   0.1016622E+01  -0.6975124E+01   0.1009098E+01  -0.1234570E+00
 0.6600000E+02   0.1015132E+01  -0.7103169E+01   0.1007341E+01  -0.1255276E+00
 0.6620000E+02   0.1013469E+01  -0.7219026E+01   0.1005435E+01  -0.1273552E+00
 0.6640000E+02   0.1011671E+01  -0.7321858E+01   0.1003422E+01  -0.1289305E+00
 0.6660000E+02   0.1009781E+01  -0.7411311E+01   0.1001345E+01  -0.1302531E+00
 0.6680000E+02   0.1007837E+01  -0.7487497E+01   0.9992432E+00  -0.1313310E+00
 0.6700000E+02   0.1005873E+01  -0.7550938E+01   0.9971504E+00  -0.1321793E+00
 0.6720000E+02   0.1003919E+01  -0.7602484E+01   0.9950947E+00  -0.1328179E+00
 0.6740000E+02   0.1001999E+01  -0.7643198E+01   0.9930970E+00  -0.1332696E+00
 0.6760000E+02   0.1000128E+01  -0.7674213E+01   0.9911704E+00  -0.1335573E+00
 0.6780000E+02   0.9983157E+00  -0.7696582E+01   0.9893220E+00  -0.1337015E+00
 0.6800000E+02   0.9965667E+00  -0.7711149E+01   0.9875548E+00  -0.1337183E+00
 0.6820000E+02   0.9948842E+00  -0.7718471E+01   0.9858705E+00  -0.1336186E+00
 0.6840000E+02   0.9932729E+00  -0.7718847E+01   0.9842729E+00  -0.1334086E+00
 0.6860000E+02   0.9917417E+00  -0.7712439E+01   0.9827705E+00  -0.1330930E+00
 0.6880000E+02   0.9903047E+00  -0.7699486E+01   0.9813765E+00  -0.1326783E+00
 0.6900000E+02   0.9889804E+00  -0.7680517E+01   0.9801080E+00  -0.1321764E+00
 0.6920000E+02   0.9877883E+00  -0.7656512E+01   0.9789818E+00  -0.1316070E+00
 0.6940000E+02   0.9867444E+00  -0.7628934E+01   0.9780104E+00  -0.1309972E+00
 0.6960000E+02   0.9858575E+00  -0.7599616E+01   0.9771981E+00  -0.1303794E+00
 0.6980000E+02   0.9851266E+00  -0.7570551E+01   0.9765397E+00  -0.1297874E+00
 0.7000000E+02   0.9845409E+00  -0.7543649E+01   0.9760198E+00  -0.1292520E+00
 0.7020000E+02   0.9840807E+00  -0.7520517E+01   0.9756157E+00  -0.1287977E+00
 0.7040000E+02   0.9837211E+00  -0.7502316E+01   0.9753000E+00  -0.1284408E+00
 0.7060000E+02   0.9834343E+00  -0.7489701E+01   0.9750439E+00  -0.1281887E+00
 0.7080000E+02   0.9831933E+00  -0.7482826E+01   0.9748203E+00  -0.1280403E+00
 0.7100000E+02   0.9829746E+00  -0.7481406E+01   0.9746067E+00  -0.1279877E+00
 0.7120000E+02   0.9827606E+00  -0.7484838E+01   0.9743868E+00  -0.1280182E+00
 0.7140000E+02   0.9825411E+00  -0.7492381E+01   0.9741524E+00  -0.1281178E+00
 0.7160000E+02   0.9823136E+00  -0.7503364E+01   0.9739022E+00  -0.1282748E+00
 0.7180000E+02   0.9820812E+00  -0.7517399E+01   0.9736404E+00  -0.1284830E+00
 0.7200000E+02   0.9818499E+00  -0.7534518E+01   0.9733726E+00  -0.1287436E+00
 0.7220000E+02   0.9816236E+00  -0.7555202E+01   0.9731018E+00  -0.1290652E+00
 0.7240000E+02   0.9814008E+00  -0.7580273E+01   0.9728243E+00  -0.1294616E+00
 0.7260000E+02   0.9811716E+00  -0.7610699E+01   0.9725283E+00  -0.1299478E+00
 0.7280000E+02   0.9809176E+00  -0.7647350E+01   0.9721933E+00  -0.1305361E+00
 0.7300000E+02   0.9806133E+00  -0.7690792E+01   0.9717924E+00  -0.1312324E+00
 0.7320000E+02   0.9802282E+00  -0.7741147E+01   0.9712951E+00  -0.1320346E+00
 0.7340000E+02   0.9797305E+00  -0.7798051E+01   0.9706704E+00  -0.1329317E+00
 0.7360000E+02   0.9790894E+00  -0.7860666E+01   0.9698895E+00  -0.1339047E+00
 0.7380000E+02   0.9782767E+00  -0.7927734E+01   0.9689271E+00  -0.1349278E+00
 0.7400000E+02   0.9772681E+00  -0.7997632E+01   0.9677630E+00  -0.1359694E+00
 0.7420000E+02   0.9760443E+00  -0.8068413E+01   0.9663826E+00  -0.1369931E+00
 0.7440000E+02   0.9745915E+00  -0.8137832E+01   0.9647778E+00  -0.1379582E+00
 0.7460000E+02   0.9729029E+00  -0.8203376E+01   0.9629480E+00  -0.1388209E+00
 0.7480000E+02   0.9709802E+00  -0.8262317E+01   0.9609020E+00  -0.1395351E+00
 0.7500000E+02   0.9688349E+00  -0.8311805E+01   0.9586582E+00  -0.1400548E+00
 0.7520000E+02   0.9664893E+00  -0.8349000E+01   0.9562464E+00  -0.1403366E+00
 0.7540000E+02   0.9639773E+00  -0.8371248E+01   0.9537066E+00  -0.1403422E+00
 0.7560000E+02   0.9613438E+00  -0.8376271E+01   0.9510889E+00  -0.1400421E+00
 0.7580000E+02   0.9586426E+00  -0.8362368E+01   0.9484504E+00  -0.1394185E+00
 0.7600000E+02   0.9559343E+00  -0.8328584E+01   0.9458527E+00  -0.1384669E+00
 0.7620000E+02   0.9532822E+00  -0.8274837E+01   0.9433576E+00  -0.1371979E+00
 0.7640000E+02   0.9507481E+00  -0.8201966E+01   0.9410232E+00  -0.1356365E+00
 0.7660000E+02   0.9483884E+00  -0.8111700E+01   0.9388997E+00  -0.1338208E+00
 0.7680000E+02   0.9462500E+00  -0.8006547E+01   0.9370261E+00  -0.1317996E+00
 0.7700000E+02   0.9443673E+00  -0.7889610E+01   0.9354283E+00  -0.1296285E+00
 0.7720000E+02   0.9427602E+00  -0.7764359E+01   0.9341171E+00  -0.1273662E+00
 0.7740000E+02   0.9414336E+00  -0.7634371E+01   0.9330887E+00  -0.1250704E+00
 0.7760000E+02   0.9403775E+00  -0.7503073E+01   0.9323258E+00  -0.1227939E+00
 0.7780000E+02   0.9395688E+00  -0.7373493E+01   0.9317991E+00  -0.1205813E+00
 0.7800000E+02   0.9389736E+00  -0.7248056E+01   0.9314705E+00  -0.1184659E+00
 0.7820000E+02   0.9385509E+00  -0.7128410E+01   0.9312964E+00  -0.1164681E+00
 0.7840000E+02   0.9382565E+00  -0.7015338E+01   0.9312323E+00  -0.1145940E+00
 0.7860000E+02   0.9380477E+00  -0.6908732E+01   0.9312365E+00  -0.1128360E+00
 0.7880000E+02   0.9378878E+00  -0.6807685E+01   0.9312753E+00  -0.1111745E+00
 0.7900000E+02   0.9377504E+00  -0.6710664E+01   0.9313258E+00  -0.1095814E+00
 0.7920000E+02   0.9376222E+00  -0.6615785E+01   0.9313787E+00  -0.1080242E+00
 0.7940000E+02   0.9375038E+00  -0.6521129E+01   0.9314382E+00  -0.1064719E+00
 0.7960000E+02   0.9374085E+00  -0.6425061E+01   0.9315207E+00  -0.1048994E+00
 0.7980000E+02   0.9373597E+00  -0.6326503E+01   0.9316513E+00  -0.1032915E+00
 0.8000000E+02   0.9373860E+00  -0.6225096E+01   0.9318588E+00  -0.1016453E+00
 0.8020000E+02   0.9375163E+00  -0.6121246E+01   0.9321710E+00  -0.9996997E-01
 0.8040000E+02   0.9377752E+00  -0.6016040E+01   0.9326105E+00  -0.9828529E-01
 0.8060000E+02   0.9381795E+00  -0.5911069E+01   0.9331912E+00  -0.9661814E-01
 0.8080000E+02   0.9387364E+00  -0.5808199E+01   0.9339171E+00  -0.9499887E-01
 0.8100000E+02   0.9394428E+00  -0.5709335E+01   0.9347826E+00  -0.9345753E-01
 0.8120000E+02   0.9402867E+00  -0.5616216E+01   0.9357731E+00  -0.9202076E-01
 0.8140000E+02   0.9412491E+00  -0.5530265E+01   0.9368680E+00  -0.9070962E-01
 0.8160000E+02   0.9423059E+00  -0.5452501E+01   0.9380423E+00  -0.8953841E-01
 0.8180000E+02   0.9434309E+00  -0.5383506E+01   0.9392694E+00  -0.8851431E-01
 0.8200000E+02   0.9445973E+00  -0.5323438E+01   0.9405231E+00  -0.8763775E-01
 0.8220000E+02   0.9457802E+00  -0.5272075E+01   0.9417792E+00  -0.8690327E-01
 0.8240000E+02   0.9469575E+00  -0.5228890E+01   0.9430168E+00  -0.8630070E-01
 0.8260000E+02   0.9481110E+00  -0.5193126E+01   0.9442193E+00  -0.8581646E-01
 0.8280000E+02   0.9492270E+00  -0.5163885E+01   0.9453744E+00  -0.8543501E-01
 0.8300000E+02   0.9502962E+00  -0.5140208E+01   0.9464745E+00  -0.8514013E-01
 0.8320000E+02   0.9513135E+00  -0.5121151E+01   0.9475161E+00  -0.8491613E-01
 0.8340000E+02   0.9522777E+00  -0.5105849E+01   0.9484990E+00  -0.8474888E-01
 0.8360000E+02   0.9531903E+00  -0.5093565E+01   0.9494262E+00  -0.8462655E-01
 0.8380000E+02   0.9540549E+00  -0.5083722E+01   0.9503019E+00  -0.8454006E-01
 0.8400000E+02   0.9548760E+00  -0.5075916E+01   0.9511313E+00  -0.8448324E-01
 0.8420000E+02   0.9556581E+00  -0.5069908E+01   0.9519192E+00  -0.8445261E-01
 0.8440000E+02   0.9564043E+00  -0.5065591E+01   0.9526689E+00  -0.8444678E-01
 0.8460000E+02   0.9571163E+00  -0.5062947E+01   0.9533820E+00  -0.8446566E-01
 0.8480000E+02   0.9577935E+00  -0.5061988E+01   0.9540580E+00  -0.8450944E-01
 0.8500000E+02   0.9584333E+00  -0.5062691E+01   0.9546942E+00  -0.8457761E-01
 0.8520000E+02   0.9590316E+00  -0.5064949E+01   0.9552869E+00  -0.8466806E-01
 0.8540000E+02   0.9595835E+00  -0.5068532E+01   0.9558312E+00  -0.8477654E-01
 0.8560000E+02   0.9600840E+00  -0.5073063E+01   0.9563231E+00  -0.8489639E-01
 0.8580000E+02   0.9605295E+00  -0.5078027E+01   0.9567595E+00  -0.8501869E-01
 0.8600000E+02   0.9609186E+00  -0.5082799E+01   0.9571400E+00  -0.8513283E-01
 0.8620000E+02   0.9612525E+00  -0.5086684E+01   0.9574668E+00  -0.8522734E-01
 0.8640000E+02   0.9615357E+00  -0.5088986E+01   0.9577455E+00  -0.8529093E-01
 0.8660000E+02   0.9617762E+00  -0.5089071E+01   0.9579849E+00  -0.8531369E-01
 0.8680000E+02   0.9619844E+00  -0.5086435E+01   0.9581962E+00  -0.8528807E-01
 0.8700000E+02   0.9621732E+00  -0.5080747E+01   0.9583927E+00  -0.8520966E-01
 0.8720000E+02   0.9623559E+00  -0.5071885E+01   0.9585878E+00  -0.8507758E-01
 0.8740000E+02   0.9625460E+00  -0.5059936E+01   0.9587949E+00  -0.8489443E-01
 0.8760000E+02   0.9627555E+00  -0.5045172E+01   0.9590254E+00  -0.8466578E-01
 0.8780000E+02   0.9629944E+00  -0.5028008E+01   0.9592888E+00  -0.8439943E-01
 0.8800000E+02   0.9632703E+00  -0.5008951E+01   0.9595916E+00  -0.8410445E-01
 0.8820000E+02   0.9635881E+00  -0.4988540E+01   0.9599381E+00  -0.8379023E-01
 0.8840000E+02   0.9639504E+00  -0.4967301E+01   0.9603301E+00  -0.8346577E-01
 0.8860000E+02   0.9643584E+00  -0.4945714E+01   0.9607679E+00  -0.8313911E-01
 0.8880000E+02   0.9648117E+00  -0.4924195E+01   0.9612507E+00  -0.8281718E-01
 0.8900000E+02   0.9653098E+00  -0.4903104E+01   0.9617775E+00  -0.8250590E-01
 0.8920000E+02   0.9658521E+00  -0.4882756E+01   0.9623470E+00  -0.8221049E-01
 0.8940000E+02   0.9664381E+00  -0.4863453E+01   0.9629585E+00  -0.8193595E-01
 0.8960000E+02   0.9670675E+00  -0.4845505E+01   0.9636113E+00  -0.8168746E-01
 0.8980000E+02   0.9677399E+00  -0.4829255E+01   0.9643045E+00  -0.8147078E-01
 0.9000000E+02   0.9684546E+00  -0.4815088E+01   0.9650367E+00  -0.8129233E-01
 0.9020000E+02   0.9692097E+00  -0.4803431E+01   0.9658057E+00  -0.8115921E-01
 0.9040000E+02   0.9700021E+00  -0.4794736E+01   0.9666076E+00  -0.8107888E-01
 0.9060000E+02   0.9708272E+00  -0.4789460E+01   0.9674373E+00  -0.8105877E-01
 0.9080000E+02   0.9716786E+00  -0.4788037E+01   0.9682877E+00  -0.8110580E-01
 0.9100000E+02   0.9725481E+00  -0.4790845E+01   0.9691502E+00  -0.8122587E-01
 0.9120000E+02   0.9734261E+00  -0.4798183E+01   0.9700148E+00  -0.8142343E-01
 0.9140000E+02   0.9743022E+00  -0.4810253E+01   0.9708706E+00  -0.8170125E-01
 0.9160000E+02   0.9751651E+00  -0.4827151E+01   0.9717063E+00  -0.8206019E-01
 0.9180000E+02   0.9760034E+00  -0.4848864E+01   0.9725104E+00  -0.8249928E-01
 0.9200000E+02   0.9768057E+00  -0.4875279E+01   0.9732716E+00  -0.8301582E-01
 0.9220000E+02   0.9775611E+00  -0.4906192E+01   0.9739794E+00  -0.8360552E-01
 0.9240000E+02   0.9782594E+00  -0.4941317E+01   0.9746236E+00  -0.8426275E-01
 0.9260000E+02   0.9788909E+00  -0.4980300E+01   0.9751952E+00  -0.8498067E-01
 0.9280000E+02   0.9794468E+00  -0.5022725E+01   0.9756857E+00  -0.8575139E-01
 0.9300000E+02   0.9799189E+00  -0.5068117E+01   0.9760878E+00  -0.8656607E-01
 0.9320000E+02   0.9803002E+00  -0.5115954E+01   0.9763950E+00  -0.8741497E-01
 0.9340000E+02   0.9805844E+00  -0.5165660E+01   0.9766018E+00  -0.8828758E-01
 0.9360000E+02   0.9807663E+00  -0.5216617E+01   0.9767041E+00  -0.8917265E-01
 0.9380000E+02   0.9808420E+00  -0.5268168E+01   0.9766988E+00  -0.9005834E-01
 0.9400000E+02   0.9808086E+00  -0.5319623E+01   0.9765843E+00  -0.9093235E-01
 0.9420000E+02   0.9806648E+00  -0.5370269E+01   0.9763604E+00  -0.9178210E-01
 0.9440000E+02   0.9804106E+00  -0.5419380E+01   0.9760282E+00  -0.9259492E-01
 0.9460000E+02   0.9800471E+00  -0.5466223E+01   0.9755904E+00  -0.9335824E-01
 0.9480000E+02   0.9795771E+00  -0.5510069E+01   0.9750509E+00  -0.9405966E-01
 0.9500000E+02   0.9790045E+00  -0.5550196E+01   0.9744147E+00  -0.9468713E-01
 0.9520000E+02   0.9783341E+00  -0.5585889E+01   0.9736884E+00  -0.9522888E-01
 0.9540000E+02   0.9775724E+00  -0.5616438E+01   0.9728795E+00  -0.9567347E-01
 0.9560000E+02   0.9767270E+00  -0.5641136E+01   0.9719968E+00  -0.9600974E-01
 0.9580000E+02   0.9758069E+00  -0.5659285E+01   0.9710507E+00  -0.9622688E-01
 0.9600000E+02   0.9748232E+00  -0.5670197E+01   0.9700535E+00  -0.9631463E-01
 0.9620000E+02   0.9737890E+00  -0.5673221E+01   0.9690193E+00  -0.9626360E-01
 0.9640000E+02   0.9727197E+00  -0.5667771E+01   0.9679644E+00  -0.9606581E-01
 0.9660000E+02   0.9716332E+00  -0.5653364E+01   0.9669073E+00  -0.9571538E-01
 0.9680000E+02   0.9705496E+00  -0.5629669E+01   0.9658684E+00  -0.9520920E-01
 0.9700000E+02   0.9694907E+00  -0.5596554E+01   0.9648694E+00  -0.9454768E-01
 0.9720000E+02   0.9684793E+00  -0.5554126E+01   0.9639325E+00  -0.9373526E-01
 0.9740000E+02   0.9675381E+00  -0.5502752E+01   0.9630793E+00  -0.9278068E-01
 0.9760000E+02   0.9666889E+00  -0.5443071E+01   0.9623300E+00  -0.9169691E-01
 0.9780000E+02   0.9659508E+00  -0.5375975E+01   0.9617019E+00  -0.9050075E-01
 0.9800000E+02   0.9653396E+00  -0.5302564E+01   0.9612085E+00  -0.8921201E-01
 0.9820000E+02   0.9648671E+00  -0.5224096E+01   0.9608592E+00  -0.8785249E-01
 0.9840000E+02   0.9645403E+00  -0.5141908E+01   0.9606587E+00  -0.8644481E-01
 0.9860000E+02   0.9643616E+00  -0.5057351E+01   0.9606073E+00  -0.8501122E-01
 0.9880000E+02   0.9643292E+00  -0.4971716E+01   0.9607011E+00  -0.8357259E-01
 0.9900000E+02   0.9644378E+00  -0.4886185E+01   0.9609329E+00  -0.8214761E-01
 0.9920000E+02   0.9646788E+00  -0.4801793E+01   0.9612930E+00  -0.8075233E-01
 0.9940000E+02   0.9650420E+00  -0.4719411E+01   0.9617701E+00  -0.7939994E-01
 0.9960000E+02   0.9655156E+00  -0.4639744E+01   0.9623516E+00  -0.7810088E-01
 0.9980000E+02   0.9660872E+00  -0.4563339E+01   0.9630247E+00  -0.7686297E-01
 0.1000000E+03   0.9667441E+00  -0.4490600E+01   0.9637764E+00  -0.7569175E-01
