  Freq              AMPL              PHASE          REAL          IMAG
 0.2099800E+00   0.1000567E+01  -0.2553060E-02   0.1000567E+01  -0.4458459E-04
 0.2099800E+00   0.1000567E+01  -0.2553060E-02   0.1000567E+01  -0.4458459E-04
 0.4000000E+00   0.1002084E+01  -0.9378289E-02   0.1002084E+01  -0.1640231E-03
 0.6000000E+00   0.1004660E+01  -0.2095388E-01   0.1004660E+01  -0.3674186E-03
 0.8000000E+00   0.1008270E+01  -0.3709835E-01   0.1008270E+01  -0.6528430E-03
 0.1000000E+01   0.1012910E+01  -0.5767211E-01   0.1012910E+01  -0.1019563E-02
 0.1200000E+01   0.1018570E+01  -0.8235102E-01   0.1018569E+01  -0.1463987E-02
 0.1400000E+01   0.1025219E+01  -0.1103824E+00   0.1025217E+01  -0.1975120E-02
 0.1600000E+01   0.1032774E+01  -0.1399064E+00   0.1032771E+01  -0.2521854E-02
 0.1800000E+01   0.1041029E+01  -0.1656905E+00   0.1041025E+01  -0.3010489E-02
 0.2000000E+01   0.1049409E+01  -0.1690508E+00   0.1049405E+01  -0.3096270E-02
 0.2200000E+01   0.1056109E+01  -0.4259600E-01   0.1056109E+01  -0.7851540E-03
 0.2400000E+01   0.1063740E+01   0.8812866E+00   0.1063615E+01   0.1636112E-01
 0.2600000E+01   0.1122811E+01   0.8514969E+00   0.1122687E+01   0.1668595E-01
 0.2800000E+01   0.1133245E+01  -0.1900887E+00   0.1133239E+01  -0.3759730E-02
 0.3000000E+01   0.1146688E+01  -0.4766005E+00   0.1146649E+01  -0.9538329E-02
 0.3200000E+01   0.1164709E+01  -0.6247301E+00   0.1164640E+01  -0.1269927E-01
 0.3400000E+01   0.1185907E+01  -0.7542286E+00   0.1185805E+01  -0.1561056E-01
 0.3600000E+01   0.1209616E+01  -0.9031893E+00   0.1209466E+01  -0.1906715E-01
 0.3800000E+01   0.1234702E+01  -0.1023945E+01   0.1234504E+01  -0.2206445E-01
 0.4000000E+01   0.1263639E+01  -0.1124963E+01   0.1263395E+01  -0.2480908E-01
 0.4200000E+01   0.1295513E+01  -0.1254996E+01   0.1295202E+01  -0.2837441E-01
 0.4400000E+01   0.1330353E+01  -0.1400621E+01   0.1329955E+01  -0.3251783E-01
 0.4600000E+01   0.1368446E+01  -0.1558910E+01   0.1367940E+01  -0.3722824E-01
 0.4800000E+01   0.1410120E+01  -0.1729890E+01   0.1409478E+01  -0.4256827E-01
 0.5000000E+01   0.1455740E+01  -0.1914069E+01   0.1454928E+01  -0.4862258E-01
 0.5200000E+01   0.1505715E+01  -0.2111805E+01   0.1504692E+01  -0.5548499E-01
 0.5400000E+01   0.1560499E+01  -0.2322739E+01   0.1559217E+01  -0.6324444E-01
 0.5600000E+01   0.1620583E+01  -0.2544640E+01   0.1618985E+01  -0.7195024E-01
 0.5800000E+01   0.1686467E+01  -0.2770395E+01   0.1684496E+01  -0.8151313E-01
 0.6000000E+01   0.1758656E+01  -0.2979165E+01   0.1756279E+01  -0.9140228E-01
 0.6200000E+01   0.1838091E+01  -0.3110429E+01   0.1835383E+01  -0.9973584E-01
 0.6400000E+01   0.1929571E+01  -0.3055426E+01   0.1926828E+01  -0.1028500E+00
 0.6600000E+01   0.2044837E+01  -0.2808133E+01   0.2042382E+01  -0.1001797E+00
 0.6800000E+01   0.2207094E+01  -0.3063219E+01   0.2203940E+01  -0.1179422E+00
 0.7000000E+01   0.2367495E+01  -0.4346611E+01   0.2360685E+01  -0.1794322E+00
 0.7200000E+01   0.2525636E+01  -0.5425146E+01   0.2514322E+01  -0.2387868E+00
 0.7400000E+01   0.2706287E+01  -0.6333280E+01   0.2689771E+01  -0.2985350E+00
 0.7600000E+01   0.2919594E+01  -0.7248383E+01   0.2896262E+01  -0.3683680E+00
 0.7800000E+01   0.3174039E+01  -0.8268650E+01   0.3141044E+01  -0.4564736E+00
 0.8000000E+01   0.3480958E+01  -0.9470325E+01   0.3433515E+01  -0.5727455E+00
 0.8200000E+01   0.3856474E+01  -0.1094596E+02   0.3786313E+01  -0.7322789E+00
 0.8400000E+01   0.4323179E+01  -0.1283872E+02   0.4215097E+01  -0.9606427E+00
 0.8600000E+01   0.4909248E+01  -0.1537965E+02   0.4733446E+01  -0.1302000E+01
 0.8800000E+01   0.5636769E+01  -0.1883704E+02   0.5334868E+01  -0.1819986E+01
 0.9000000E+01   0.6531006E+01  -0.2305930E+02   0.6009178E+01  -0.2558088E+01
 0.9200000E+01   0.7764204E+01  -0.2827478E+02   0.6837825E+01  -0.3677908E+01
 0.9400000E+01   0.9472947E+01  -0.3643154E+02   0.7621621E+01  -0.5625622E+01
 0.9600000E+01   0.1146707E+02  -0.4857247E+02   0.7587440E+01  -0.8597929E+01
 0.9800000E+01   0.1352509E+02  -0.6412765E+02   0.5901909E+01  -0.1216945E+02
 0.1000000E+02   0.1517374E+02  -0.8483472E+02   0.1366078E+01  -0.1511213E+02
 0.1020000E+02   0.1465534E+02  -0.1085152E+03  -0.4653886E+01  -0.1389677E+02
 0.1040000E+02   0.1232872E+02  -0.1277338E+03  -0.7545097E+01  -0.9750324E+01
 0.1060000E+02   0.9940717E+01  -0.1405666E+03  -0.7677849E+01  -0.6314150E+01
 0.1080000E+02   0.8098851E+01  -0.1488028E+03  -0.6927673E+01  -0.4195084E+01
 0.1100000E+02   0.6760921E+01  -0.1542690E+03  -0.6090526E+01  -0.2935226E+01
 0.1120000E+02   0.5778908E+01  -0.1580914E+03  -0.5361555E+01  -0.2156271E+01
 0.1140000E+02   0.5038198E+01  -0.1608873E+03  -0.4760475E+01  -0.1649641E+01
 0.1160000E+02   0.4463594E+01  -0.1630033E+03  -0.4268631E+01  -0.1304781E+01
 0.1180000E+02   0.4006400E+01  -0.1646422E+03  -0.3863335E+01  -0.1061079E+01
 0.1200000E+02   0.3634427E+01  -0.1659254E+03  -0.3525321E+01  -0.8838395E+00
 0.1220000E+02   0.3325792E+01  -0.1669232E+03  -0.3239546E+01  -0.7524838E+00
 0.1240000E+02   0.3065240E+01  -0.1676686E+03  -0.2994521E+01  -0.6546299E+00
 0.1260000E+02   0.2842044E+01  -0.1681602E+03  -0.2781580E+01  -0.5831180E+00
 0.1280000E+02   0.2649070E+01  -0.1683567E+03  -0.2594560E+01  -0.5346307E+00
 0.1300000E+02   0.2483193E+01  -0.1681691E+03  -0.2430443E+01  -0.5091153E+00
 0.1320000E+02   0.2347525E+01  -0.1674908E+03  -0.2291798E+01  -0.5084653E+00
 0.1340000E+02   0.2252720E+01  -0.1663912E+03  -0.2189474E+01  -0.5300467E+00
 0.1360000E+02   0.2204671E+01  -0.1653785E+03  -0.2133272E+01  -0.5565314E+00
 0.1380000E+02   0.2192206E+01  -0.1650010E+03  -0.2117518E+01  -0.5673481E+00
 0.1400000E+02   0.2198869E+01  -0.1656826E+03  -0.2130573E+01  -0.5437670E+00
 0.1420000E+02   0.2189779E+01  -0.1674998E+03  -0.2137871E+01  -0.4739618E+00
 0.1440000E+02   0.2145021E+01  -0.1696135E+03  -0.2109872E+01  -0.3867204E+00
 0.1460000E+02   0.2079672E+01  -0.1713652E+03  -0.2056099E+01  -0.3122332E+00
 0.1480000E+02   0.2011063E+01  -0.1726725E+03  -0.1994640E+01  -0.2564918E+00
 0.1500000E+02   0.1946934E+01  -0.1736525E+03  -0.1934999E+01  -0.2152489E+00
 0.1520000E+02   0.1889330E+01  -0.1744187E+03  -0.1880374E+01  -0.1837510E+00
 0.1540000E+02   0.1838183E+01  -0.1750467E+03  -0.1831318E+01  -0.1587160E+00
 0.1560000E+02   0.1792818E+01  -0.1755810E+03  -0.1787489E+01  -0.1381368E+00
 0.1580000E+02   0.1752553E+01  -0.1760451E+03  -0.1748379E+01  -0.1208757E+00
 0.1600000E+02   0.1716943E+01  -0.1764532E+03  -0.1713654E+01  -0.1062152E+00
 0.1620000E+02   0.1685627E+01  -0.1768206E+03  -0.1683033E+01  -0.9348863E-01
 0.1640000E+02   0.1658118E+01  -0.1771602E+03  -0.1656082E+01  -0.8214866E-01
 0.1660000E+02   0.1633909E+01  -0.1774778E+03  -0.1632326E+01  -0.7190124E-01
 0.1680000E+02   0.1612587E+01  -0.1777740E+03  -0.1611370E+01  -0.6263497E-01
 0.1700000E+02   0.1593827E+01  -0.1780461E+03  -0.1592900E+01  -0.5434267E-01
 0.1720000E+02   0.1577367E+01  -0.1782888E+03  -0.1576663E+01  -0.4710233E-01
 0.1740000E+02   0.1563005E+01  -0.1784936E+03  -0.1562465E+01  -0.4108976E-01
 0.1760000E+02   0.1550634E+01  -0.1786475E+03  -0.1550202E+01  -0.3660124E-01
 0.1780000E+02   0.1540322E+01  -0.1787330E+03  -0.1539945E+01  -0.3405938E-01
 0.1800000E+02   0.1532450E+01  -0.1787313E+03  -0.1532074E+01  -0.3393025E-01
 0.1820000E+02   0.1527793E+01  -0.1786339E+03  -0.1527359E+01  -0.3642381E-01
 0.1840000E+02   0.1527150E+01  -0.1784598E+03  -0.1526599E+01  -0.4104829E-01
 0.1860000E+02   0.1530437E+01  -0.1782499E+03  -0.1529723E+01  -0.4673935E-01
 0.1880000E+02   0.1536183E+01  -0.1780266E+03  -0.1535272E+01  -0.5289913E-01
 0.1900000E+02   0.1541898E+01  -0.1777404E+03  -0.1540699E+01  -0.6079391E-01
 0.1920000E+02   0.1546016E+01  -0.1772279E+03  -0.1544207E+01  -0.7476970E-01
 0.1940000E+02   0.1550318E+01  -0.1762610E+03  -0.1547018E+01  -0.1010983E+00
 0.1960000E+02   0.1560292E+01  -0.1746146E+03  -0.1553405E+01  -0.1464397E+00
 0.1980000E+02   0.1586114E+01  -0.1720952E+03  -0.1571042E+01  -0.2181342E+00
 0.2000000E+02   0.1646003E+01  -0.1686493E+03  -0.1613808E+01  -0.3239572E+00
 0.2020000E+02   0.1769305E+01  -0.1646565E+03  -0.1706241E+01  -0.4681677E+00
 0.2040000E+02   0.1991455E+01  -0.1612382E+03  -0.1885637E+01  -0.6405204E+00
 0.2060000E+02   0.2332596E+01  -0.1599498E+03  -0.2191223E+01  -0.7997153E+00
 0.2080000E+02   0.2773058E+01  -0.1616991E+03  -0.2632798E+01  -0.8707630E+00
 0.2100000E+02   0.3260614E+01  -0.1661762E+03  -0.3166171E+01  -0.7790792E+00
 0.2120000E+02   0.3744612E+01  -0.1724858E+03  -0.3712455E+01  -0.4896908E+00
 0.2140000E+02   0.4191736E+01  -0.1798269E+03  -0.4191717E+01  -0.1266261E-01
 0.2160000E+02   0.4588574E+01   0.1723877E+03  -0.4548135E+01   0.6078411E+00
 0.2180000E+02   0.4944225E+01   0.1644727E+03  -0.4763776E+01   0.1323557E+01
 0.2200000E+02   0.5277762E+01   0.1564221E+03  -0.4837160E+01   0.2111081E+01
 0.2220000E+02   0.5599292E+01   0.1480147E+03  -0.4749229E+01   0.2965955E+01
 0.2240000E+02   0.5897915E+01   0.1389727E+03  -0.4449372E+01   0.3871497E+01
 0.2260000E+02   0.6137196E+01   0.1291048E+03  -0.3870984E+01   0.4762421E+01
 0.2280000E+02   0.6260702E+01   0.1184362E+03  -0.2981221E+01   0.5505334E+01
 0.2300000E+02   0.6214815E+01   0.1072944E+03  -0.1847551E+01   0.5933842E+01
 0.2320000E+02   0.5982911E+01   0.9625454E+02  -0.6518120E+00   0.5947299E+01
 0.2340000E+02   0.5600865E+01   0.8591593E+02   0.3988940E+00   0.5586643E+01
 0.2360000E+02   0.5134981E+01   0.7667432E+02   0.1183541E+01   0.4996725E+01
 0.2380000E+02   0.4647570E+01   0.6866693E+02   0.1690734E+01   0.4329125E+01
 0.2400000E+02   0.4180213E+01   0.6184588E+02   0.1972412E+01   0.3685617E+01
 0.2420000E+02   0.3752732E+01   0.5606078E+02   0.2095200E+01   0.3113381E+01
 0.2440000E+02   0.3367922E+01   0.5116399E+02   0.2112002E+01   0.2623423E+01
 0.2460000E+02   0.3021810E+01   0.4714689E+02   0.2055197E+01   0.2215289E+01
 0.2480000E+02   0.2716186E+01   0.4415950E+02   0.1948601E+01   0.1892253E+01
 0.2500000E+02   0.2461775E+01   0.4230462E+02   0.1820671E+01   0.1656952E+01
 0.2520000E+02   0.2269305E+01   0.4139475E+02   0.1702369E+01   0.1500563E+01
 0.2540000E+02   0.2140711E+01   0.4092634E+02   0.1617419E+01   0.1402355E+01
 0.2560000E+02   0.2067578E+01   0.4024099E+02   0.1578253E+01   0.1335663E+01
 0.2580000E+02   0.2032193E+01   0.3874308E+02   0.1585030E+01   0.1271806E+01
 0.2600000E+02   0.2010218E+01   0.3615002E+02   0.1623201E+01   0.1185831E+01
 0.2620000E+02   0.1979309E+01   0.3262820E+02   0.1666948E+01   0.1067214E+01
 0.2640000E+02   0.1929007E+01   0.2863211E+02   0.1693117E+01   0.9243489E+00
 0.2660000E+02   0.1861759E+01   0.2459747E+02   0.1692813E+01   0.7749401E+00
 0.2680000E+02   0.1785982E+01   0.2076601E+02   0.1669958E+01   0.6332242E+00
 0.2700000E+02   0.1709370E+01   0.1719222E+02   0.1632993E+01   0.5052527E+00
 0.2720000E+02   0.1636324E+01   0.1382960E+02   0.1588889E+01   0.3911390E+00
 0.2740000E+02   0.1568350E+01   0.1060682E+02   0.1541552E+01   0.2886835E+00
 0.2760000E+02   0.1505172E+01   0.7467543E+01   0.1492406E+01   0.1956190E+00
 0.2780000E+02   0.1445579E+01   0.4395466E+01   0.1441327E+01   0.1107893E+00
 0.2800000E+02   0.1388404E+01   0.1440840E+01   0.1387965E+01   0.3491108E-01
 0.2820000E+02   0.1334029E+01  -0.1277390E+01   0.1333697E+01  -0.2973925E-01
 0.2840000E+02   0.1285496E+01  -0.3635715E+01   0.1282909E+01  -0.8151667E-01
 0.2860000E+02   0.1247748E+01  -0.5618199E+01   0.1241755E+01  -0.1221534E+00
 0.2880000E+02   0.1225173E+01  -0.7380027E+01   0.1215024E+01  -0.1573734E+00
 0.2900000E+02   0.1219522E+01  -0.9197990E+01   0.1203841E+01  -0.1949364E+00
 0.2920000E+02   0.1229589E+01  -0.1135107E+02   0.1205538E+01  -0.2420079E+00
 0.2940000E+02   0.1252468E+01  -0.1402296E+02   0.1215143E+01  -0.3034864E+00
 0.2960000E+02   0.1285285E+01  -0.1728962E+02   0.1227209E+01  -0.3819891E+00
 0.2980000E+02   0.1326128E+01  -0.2117285E+02   0.1236607E+01  -0.4789744E+00
 0.3000000E+02   0.1373835E+01  -0.2569444E+02   0.1237989E+01  -0.5956560E+00
 0.3020000E+02   0.1427231E+01  -0.3089775E+02   0.1224686E+01  -0.7328939E+00
 0.3040000E+02   0.1484285E+01  -0.3684257E+02   0.1187853E+01  -0.8900044E+00
 0.3060000E+02   0.1541371E+01  -0.4358464E+02   0.1116503E+01  -0.1062661E+01
 0.3080000E+02   0.1592796E+01  -0.5114424E+02   0.9992597E+00  -0.1240355E+01
 0.3100000E+02   0.1631000E+01  -0.5946752E+02   0.8285913E+00  -0.1404847E+01
 0.3120000E+02   0.1647988E+01  -0.6839371E+02   0.6068328E+00  -0.1532194E+01
 0.3140000E+02   0.1637973E+01  -0.7765277E+02   0.3502573E+00  -0.1600086E+01
 0.3160000E+02   0.1599904E+01  -0.8691201E+02   0.8618594E-01  -0.1597580E+01
 0.3180000E+02   0.1537931E+01  -0.9585570E+02  -0.1569051E+00  -0.1529907E+01
 0.3200000E+02   0.1459435E+01  -0.1042488E+03  -0.3592155E+00  -0.1414537E+01
 0.3220000E+02   0.1372316E+01  -0.1119533E+03  -0.5130405E+00  -0.1272808E+01
 0.3240000E+02   0.1283277E+01  -0.1189109E+03  -0.6203992E+00  -0.1123346E+01
 0.3260000E+02   0.1197257E+01  -0.1251223E+03  -0.6888104E+00  -0.9792672E+00
 0.3280000E+02   0.1117438E+01  -0.1306314E+03  -0.7276644E+00  -0.8480402E+00
 0.3300000E+02   0.1045495E+01  -0.1355122E+03  -0.7458550E+00  -0.7326386E+00
 0.3320000E+02   0.9819182E+00  -0.1398554E+03  -0.7505981E+00  -0.6330606E+00
 0.3340000E+02   0.9263622E+00  -0.1437542E+03  -0.7470996E+00  -0.5477126E+00
 0.3360000E+02   0.8779955E+00  -0.1472891E+03  -0.7387528E+00  -0.4744685E+00
 0.3380000E+02   0.8358516E+00  -0.1505206E+03  -0.7276361E+00  -0.4113314E+00
 0.3400000E+02   0.7990838E+00  -0.1534914E+03  -0.7150742E+00  -0.3566565E+00
 0.3420000E+02   0.7670181E+00  -0.1562388E+03  -0.7019998E+00  -0.3090518E+00
 0.3440000E+02   0.7390399E+00  -0.1588017E+03  -0.6890326E+00  -0.2672340E+00
 0.3460000E+02   0.7144743E+00  -0.1612181E+03  -0.6764293E+00  -0.2300368E+00
 0.3480000E+02   0.6925795E+00  -0.1635134E+03  -0.6641050E+00  -0.1965476E+00
 0.3500000E+02   0.6726503E+00  -0.1656925E+03  -0.6517870E+00  -0.1662289E+00
 0.3520000E+02   0.6541506E+00  -0.1677386E+03  -0.6392286E+00  -0.1389236E+00
 0.3540000E+02   0.6368140E+00  -0.1696195E+03  -0.6263912E+00  -0.1147441E+00
 0.3560000E+02   0.6206821E+00  -0.1713005E+03  -0.6135412E+00  -0.9388000E-01
 0.3580000E+02   0.6060489E+00  -0.1727603E+03  -0.6012173E+00  -0.7637437E-01
 0.3600000E+02   0.5932944E+00  -0.1740047E+03  -0.5900494E+00  -0.6196730E-01
 0.3620000E+02   0.5826767E+00  -0.1750659E+03  -0.5805174E+00  -0.5011644E-01
 0.3640000E+02   0.5742199E+00  -0.1759874E+03  -0.5728123E+00  -0.4018157E-01
 0.3660000E+02   0.5677603E+00  -0.1768066E+03  -0.5668787E+00  -0.3162753E-01
 0.3680000E+02   0.5630838E+00  -0.1775456E+03  -0.5625673E+00  -0.2411384E-01
 0.3700000E+02   0.5600491E+00  -0.1782142E+03  -0.5597771E+00  -0.1745262E-01
 0.3720000E+02   0.5586292E+00  -0.1788208E+03  -0.5585109E+00  -0.1149670E-01
 0.3740000E+02   0.5588647E+00  -0.1793807E+03  -0.5588320E+00  -0.6040880E-02
 0.3760000E+02   0.5607713E+00  -0.1799183E+03  -0.5607707E+00  -0.7999550E-03
 0.3780000E+02   0.5642769E+00   0.1795399E+03  -0.5642587E+00   0.4531085E-02
 0.3800000E+02   0.5692322E+00   0.1789740E+03  -0.5691410E+00   0.1019273E-01
 0.3820000E+02   0.5754794E+00   0.1783748E+03  -0.5752479E+00   0.1632161E-01
 0.3840000E+02   0.5829218E+00   0.1777408E+03  -0.5824687E+00   0.2297881E-01
 0.3860000E+02   0.5915537E+00   0.1770719E+03  -0.5907814E+00   0.3021824E-01
 0.3880000E+02   0.6014441E+00   0.1763627E+03  -0.6002326E+00   0.3815548E-01
 0.3900000E+02   0.6126876E+00   0.1755992E+03  -0.6108813E+00   0.4701284E-01
 0.3920000E+02   0.6253366E+00   0.1747583E+03  -0.6227215E+00   0.5712924E-01
 0.3940000E+02   0.6393268E+00   0.1738109E+03  -0.6356005E+00   0.6892594E-01
 0.3960000E+02   0.6544139E+00   0.1727292E+03  -0.6491519E+00   0.8282157E-01
 0.3980000E+02   0.6701460E+00   0.1714960E+03  -0.6627782E+00   0.9909973E-01
 0.4000000E+02   0.6859007E+00   0.1701146E+03  -0.6757173E+00   0.1177537E+00
 0.4020000E+02   0.7010129E+00   0.1686162E+03  -0.6872218E+00   0.1383661E+00
 0.4040000E+02   0.7149907E+00   0.1670593E+03  -0.6968315E+00   0.1601172E+00
 0.4060000E+02   0.7277521E+00   0.1655177E+03  -0.7046277E+00   0.1819972E+00
 0.4080000E+02   0.7397482E+00   0.1640581E+03  -0.7112979E+00   0.2031815E+00
 0.4100000E+02   0.7518699E+00   0.1627170E+03  -0.7179221E+00   0.2233748E+00
 0.4120000E+02   0.7651760E+00   0.1614898E+03  -0.7255912E+00   0.2429233E+00
 0.4140000E+02   0.7806035E+00   0.1603368E+03  -0.7350840E+00   0.2626658E+00
 0.4160000E+02   0.7988030E+00   0.1591993E+03  -0.7467381E+00   0.2836696E+00
 0.4180000E+02   0.8201277E+00   0.1580159E+03  -0.7604944E+00   0.3070142E+00
 0.4200000E+02   0.8447108E+00   0.1567321E+03  -0.7760088E+00   0.3336865E+00
 0.4220000E+02   0.8725585E+00   0.1553033E+03  -0.7927472E+00   0.3645684E+00
 0.4240000E+02   0.9036167E+00   0.1536928E+03  -0.8100301E+00   0.4004677E+00
 0.4260000E+02   0.9378017E+00   0.1518698E+03  -0.8270272E+00   0.4421515E+00
 0.4280000E+02   0.9750009E+00   0.1498056E+03  -0.8427167E+00   0.4903624E+00
 0.4300000E+02   0.1015052E+01   0.1474721E+03  -0.8558206E+00   0.5458045E+00
 0.4320000E+02   0.1057707E+01   0.1448400E+03  -0.8647258E+00   0.6090930E+00
 0.4340000E+02   0.1102574E+01   0.1418784E+03  -0.8673976E+00   0.6806552E+00
 0.4360000E+02   0.1149041E+01   0.1385542E+03  -0.8613002E+00   0.7605631E+00
 0.4380000E+02   0.1196167E+01   0.1348336E+03  -0.8433576E+00   0.8482715E+00
 0.4400000E+02   0.1242569E+01   0.1306848E+03  -0.8100263E+00   0.9422495E+00
 0.4420000E+02   0.1286299E+01   0.1260833E+03  -0.7575789E+00   0.1039537E+01
 0.4440000E+02   0.1324806E+01   0.1210195E+03  -0.6827123E+00   0.1135348E+01
 0.4460000E+02   0.1355028E+01   0.1155079E+03  -0.5835229E+00   0.1222948E+01
 0.4480000E+02   0.1373704E+01   0.1095952E+03  -0.4607029E+00   0.1294147E+01
 0.4500000E+02   0.1377926E+01   0.1033650E+03  -0.3185136E+00   0.1340608E+01
 0.4520000E+02   0.1365812E+01   0.9693375E+02  -0.1648831E+00   0.1355823E+01
 0.4540000E+02   0.1337051E+01   0.9043689E+02  -0.1019504E-01   0.1337012E+01
 0.4560000E+02   0.1293045E+01   0.8400893E+02   0.1349596E+00   0.1285983E+01
 0.4580000E+02   0.1236571E+01   0.7776297E+02   0.2620991E+00   0.1208475E+01
 0.4600000E+02   0.1171117E+01   0.7177687E+02   0.3662298E+00   0.1112381E+01
 0.4620000E+02   0.1100199E+01   0.6608859E+02   0.4459369E+00   0.1005773E+01
 0.4640000E+02   0.1026871E+01   0.6069899E+02   0.5025482E+00   0.8954935E+00
 0.4660000E+02   0.9534928E+00   0.5557794E+02   0.5389948E+00   0.7865323E+00
 0.4680000E+02   0.8817103E+00   0.5067012E+02   0.5588142E+00   0.6820116E+00
 0.4700000E+02   0.8125273E+00   0.4589897E+02   0.5654586E+00   0.5834871E+00
 0.4720000E+02   0.7464220E+00   0.4116892E+02   0.5618857E+00   0.4913556E+00
 0.4740000E+02   0.6834730E+00   0.3636656E+02   0.5503598E+00   0.4052646E+00
 0.4760000E+02   0.6234969E+00   0.3136093E+02   0.5324077E+00   0.3244849E+00
 0.4780000E+02   0.5662032E+00   0.2600108E+02   0.5088954E+00   0.2482167E+00
 0.4800000E+02   0.5113577E+00   0.2010776E+02   0.4801893E+00   0.1757981E+00
 0.4820000E+02   0.4589409E+00   0.1345573E+02   0.4463429E+00   0.1067928E+00
 0.4840000E+02   0.4092968E+00   0.5746185E+01   0.4072401E+00   0.4097953E-01
 0.4860000E+02   0.3633001E+00  -0.3423591E+01   0.3626518E+00  -0.2169533E-01
 0.4880000E+02   0.3225926E+00  -0.1456449E+02   0.3122261E+00  -0.8112223E-01
 0.4900000E+02   0.2898791E+00  -0.2819419E+02   0.2554854E+00  -0.1369567E+00
 0.4920000E+02   0.2690007E+00  -0.4448878E+02   0.1919017E+00  -0.1885075E+00
 0.4940000E+02   0.2640598E+00  -0.6270892E+02   0.1210744E+00  -0.2346669E+00
 0.4960000E+02   0.2773079E+00  -0.8108846E+02   0.4295758E-01  -0.2739604E+00
 0.4980000E+02   0.3076101E+00  -0.9783847E+02  -0.4195208E-01  -0.3047360E+00
 0.5000000E+02   0.3514070E+00  -0.1121617E+03  -0.1325583E+00  -0.3254462E+00
 0.5020000E+02   0.4047577E+00  -0.1241598E+03  -0.2272727E+00  -0.3349267E+00
 0.5040000E+02   0.4644889E+00  -0.1342743E+03  -0.3242568E+00  -0.3325771E+00
 0.5060000E+02   0.5284137E+00  -0.1429482E+03  -0.4217225E+00  -0.3183885E+00
 0.5080000E+02   0.5952126E+00  -0.1505313E+03  -0.5182068E+00  -0.2928134E+00
 0.5100000E+02   0.6642707E+00  -0.1572852E+03  -0.6127488E+00  -0.2565043E+00
 0.5120000E+02   0.7355155E+00  -0.1634125E+03  -0.7049067E+00  -0.2099750E+00
 0.5140000E+02   0.8092240E+00  -0.1690818E+03  -0.7945760E+00  -0.1532725E+00
 0.5160000E+02   0.8857776E+00  -0.1744430E+03  -0.8816147E+00  -0.8577545E-01
 0.5180000E+02   0.9653795E+00  -0.1796298E+03  -0.9653593E+00  -0.6236901E-02
 0.5200000E+02   0.1047799E+01   0.1752443E+03  -0.1044191E+01   0.8687049E-01
 0.5220000E+02   0.1132223E+01   0.1700950E+03  -0.1115347E+01   0.1947599E+00
 0.5240000E+02   0.1217287E+01   0.1648727E+03  -0.1175106E+01   0.3176688E+00
 0.5260000E+02   0.1301273E+01   0.1595624E+03  -0.1219362E+01   0.4543884E+00
 0.5280000E+02   0.1382416E+01   0.1541761E+03  -0.1244364E+01   0.6021887E+00
 0.5300000E+02   0.1459196E+01   0.1487417E+03  -0.1247374E+01   0.7571723E+00
 0.5320000E+02   0.1530513E+01   0.1432904E+03  -0.1226974E+01   0.9148791E+00
 0.5340000E+02   0.1595703E+01   0.1378483E+03  -0.1183007E+01   0.1070870E+01
 0.5360000E+02   0.1654442E+01   0.1324327E+03  -0.1116290E+01   0.1221095E+01
 0.5380000E+02   0.1706620E+01   0.1270521E+03  -0.1028310E+01   0.1362032E+01
 0.5400000E+02   0.1752272E+01   0.1217090E+03  -0.9210026E+00   0.1490708E+01
 0.5420000E+02   0.1791555E+01   0.1163999E+03  -0.7965867E+00   0.1604718E+01
 0.5440000E+02   0.1824747E+01   0.1111152E+03  -0.6573543E+00   0.1702230E+01
 0.5460000E+02   0.1852162E+01   0.1058355E+03  -0.5054124E+00   0.1781870E+01
 0.5480000E+02   0.1873980E+01   0.1005304E+03  -0.3424822E+00   0.1842419E+01
 0.5500000E+02   0.1889987E+01   0.9515881E+02  -0.1699413E+00   0.1882331E+01
 0.5520000E+02   0.1899337E+01   0.8967533E+02   0.1076264E-01   0.1899307E+01
 0.5540000E+02   0.1900447E+01   0.8403880E+02   0.1973710E+00   0.1890170E+01
 0.5560000E+02   0.1891092E+01   0.7822275E+02   0.3859859E+00   0.1851282E+01
 0.5580000E+02   0.1868724E+01   0.7222386E+02   0.5705191E+00   0.1779505E+01
 0.5600000E+02   0.1830952E+01   0.6606667E+02   0.7427684E+00   0.1673523E+01
 0.5620000E+02   0.1776059E+01   0.5980362E+02   0.8932961E+00   0.1535059E+01
 0.5640000E+02   0.1703436E+01   0.5351120E+02   0.1012975E+01   0.1369516E+01
 0.5660000E+02   0.1613798E+01   0.4728332E+02   0.1094758E+01   0.1185685E+01
 0.5680000E+02   0.1509142E+01   0.4122400E+02   0.1135085E+01   0.9945316E+00
 0.5700000E+02   0.1392459E+01   0.3544156E+02   0.1134447E+01   0.8074484E+00
 0.5720000E+02   0.1267308E+01   0.3004644E+02   0.1097007E+01   0.6345435E+00
 0.5740000E+02   0.1137389E+01   0.2515451E+02   0.1029525E+01   0.4834596E+00
 0.5760000E+02   0.1006221E+01   0.2089765E+02   0.9400310E+00   0.3589188E+00
 0.5780000E+02   0.8770006E+00   0.1744264E+02   0.8366739E+00   0.2628817E+00
 0.5800000E+02   0.7526329E+00   0.1502030E+02   0.7269185E+00   0.1950533E+00
 0.5820000E+02   0.6359111E+00   0.1396678E+02   0.6171109E+00   0.1534831E+00
 0.5840000E+02   0.5298176E+00   0.1477490E+02   0.5122993E+00   0.1351152E+00
 0.5860000E+02   0.4379401E+00   0.1812618E+02   0.4162067E+00   0.1362479E+00
 0.5880000E+02   0.3648791E+00   0.2477587E+02   0.3312934E+00   0.1529098E+00
 0.5900000E+02   0.3159735E+00   0.3498456E+02   0.2588792E+00   0.1811652E+00
 0.5920000E+02   0.2948989E+00   0.4747959E+02   0.1993082E+00   0.2173513E+00
 0.5940000E+02   0.2997313E+00   0.5949698E+02   0.1521387E+00   0.2582492E+00
 0.5960000E+02   0.3228854E+00   0.6888004E+02   0.1163426E+00   0.3011966E+00
 0.5980000E+02   0.3558491E+00   0.7526547E+02   0.9050697E-01   0.3441469E+00
 0.6000000E+02   0.3925319E+00   0.7927760E+02   0.7303087E-01   0.3856783E+00
 0.6020000E+02   0.4294947E+00   0.8165846E+02   0.6230831E-01   0.4249510E+00
 0.6040000E+02   0.4651065E+00   0.8297531E+02   0.5688116E-01   0.4616152E+00
 0.6060000E+02   0.4987833E+00   0.8360628E+02   0.5554449E-01   0.4956809E+00
 0.6080000E+02   0.5304859E+00   0.8378916E+02   0.5739194E-01   0.5273722E+00
 0.6100000E+02   0.5604094E+00   0.8366860E+02   0.6180145E-01   0.5569913E+00
 0.6120000E+02   0.5888005E+00   0.8333145E+02   0.6837482E-01   0.5848170E+00
 0.6140000E+02   0.6158644E+00   0.8283140E+02   0.7685339E-01   0.6110503E+00
 0.6160000E+02   0.6417371E+00   0.8220537E+02   0.8703415E-01   0.6358078E+00
 0.6180000E+02   0.6665035E+00   0.8148339E+02   0.9870661E-01   0.6591540E+00
 0.6200000E+02   0.6902413E+00   0.8069346E+02   0.1116234E+00   0.6811559E+00
 0.6220000E+02   0.7130722E+00   0.7986247E+02   0.1255089E+00   0.7019398E+00
 0.6240000E+02   0.7352053E+00   0.7901450E+02   0.1401012E+00   0.7217330E+00
 0.6260000E+02   0.7569580E+00   0.7816764E+02   0.1552134E+00   0.7408740E+00
 0.6280000E+02   0.7787483E+00   0.7733074E+02   0.1707973E+00   0.7597876E+00
 0.6300000E+02   0.8010592E+00   0.7650097E+02   0.1869904E+00   0.7789290E+00
 0.6320000E+02   0.8243814E+00   0.7566322E+02   0.2041342E+00   0.7987076E+00
 0.6340000E+02   0.8491470E+00   0.7479136E+02   0.2227607E+00   0.8194073E+00
 0.6360000E+02   0.8756645E+00   0.7385139E+02   0.2435482E+00   0.8411139E+00
 0.6380000E+02   0.9040643E+00   0.7280577E+02   0.2672521E+00   0.8636600E+00
 0.6400000E+02   0.9342639E+00   0.7161829E+02   0.2946164E+00   0.8865947E+00
 0.6420000E+02   0.9659559E+00   0.7025870E+02   0.3262747E+00   0.9091841E+00
 0.6440000E+02   0.9986225E+00   0.6870618E+02   0.3626504E+00   0.9304469E+00
 0.6460000E+02   0.1031574E+01   0.6695150E+02   0.4038716E+00   0.9492269E+00
 0.6480000E+02   0.1064004E+01   0.6499736E+02   0.4497120E+00   0.9642944E+00
 0.6500000E+02   0.1095060E+01   0.6285753E+02   0.4995714E+00   0.9744664E+00
 0.6520000E+02   0.1123907E+01   0.6055501E+02   0.5524988E+00   0.9787296E+00
 0.6540000E+02   0.1149790E+01   0.5811975E+02   0.6072565E+00   0.9763485E+00
 0.6560000E+02   0.1172085E+01   0.5558653E+02   0.6624170E+00   0.9669477E+00
 0.6580000E+02   0.1190340E+01   0.5299301E+02   0.7164807E+00   0.9505607E+00
 0.6600000E+02   0.1204304E+01   0.5037810E+02   0.7680069E+00   0.9276388E+00
 0.6620000E+02   0.1213950E+01   0.4778030E+02   0.8157442E+00   0.8990191E+00
 0.6640000E+02   0.1219484E+01   0.4523583E+02   0.8587488E+00   0.8658472E+00
 0.6660000E+02   0.1221338E+01   0.4277653E+02   0.8964718E+00   0.8294602E+00
 0.6680000E+02   0.1220137E+01   0.4042753E+02   0.9288006E+00   0.7912412E+00
 0.6700000E+02   0.1216644E+01   0.3820501E+02   0.9560424E+00   0.7524665E+00
 0.6720000E+02   0.1211689E+01   0.3611443E+02   0.9788529E+00   0.7141696E+00
 0.6740000E+02   0.1206080E+01   0.3414972E+02   0.9981201E+00   0.6770420E+00
 0.6760000E+02   0.1200515E+01   0.3229357E+02   0.1014821E+01   0.6413839E+00
 0.6780000E+02   0.1195500E+01   0.3051940E+02   0.1029872E+01   0.6071110E+00
 0.6800000E+02   0.1191296E+01   0.2879475E+02   0.1043993E+01   0.5738155E+00
 0.6820000E+02   0.1187884E+01   0.2708597E+02   0.1057602E+01   0.5408753E+00
 0.6840000E+02   0.1184982E+01   0.2536335E+02   0.1070761E+01   0.5075958E+00
 0.6860000E+02   0.1182105E+01   0.2360579E+02   0.1083189E+01   0.4733639E+00
 0.6880000E+02   0.1178647E+01   0.2180382E+02   0.1094328E+01   0.4377848E+00
 0.6900000E+02   0.1174002E+01   0.1996049E+02   0.1103477E+01   0.4007714E+00
 0.6920000E+02   0.1167653E+01   0.1808988E+02   0.1109937E+01   0.3625663E+00
 0.6940000E+02   0.1159257E+01   0.1621386E+02   0.1113149E+01   0.3236916E+00
 0.6960000E+02   0.1148659E+01   0.1435821E+02   0.1112780E+01   0.2848485E+00
 0.6980000E+02   0.1135889E+01   0.1254904E+02   0.1108754E+01   0.2468005E+00
 0.7000000E+02   0.1121108E+01   0.1081049E+02   0.1101211E+01   0.2102762E+00
 0.7020000E+02   0.1104556E+01   0.9164127E+01   0.1090458E+01   0.1759151E+00
 0.7040000E+02   0.1086518E+01   0.7629668E+01   0.1076899E+01   0.1442566E+00
 0.7060000E+02   0.1067300E+01   0.6226427E+01   0.1061004E+01   0.1157571E+00
 0.7080000E+02   0.1047251E+01   0.4974609E+01   0.1043307E+01   0.9081163E-01
 0.7100000E+02   0.1026785E+01   0.3895623E+01   0.1024412E+01   0.6975880E-01
 0.7120000E+02   0.1006414E+01   0.3010894E+01   0.1005025E+01   0.5286274E-01
 0.7140000E+02   0.9867756E+00   0.2338999E+01   0.9859535E+00   0.4027219E-01
 0.7160000E+02   0.9686223E+00   0.1891390E+01   0.9680946E+00   0.3196937E-01
 0.7180000E+02   0.9527937E+00   0.1667378E+01   0.9523903E+00   0.2772356E-01
 0.7200000E+02   0.9401504E+00   0.1649563E+01   0.9397608E+00   0.2706347E-01
 0.7220000E+02   0.9314879E+00   0.1801188E+01   0.9310277E+00   0.2927804E-01
 0.7240000E+02   0.9274432E+00   0.2066782E+01   0.9268399E+00   0.3344761E-01
 0.7260000E+02   0.9284148E+00   0.2376691E+01   0.9276162E+00   0.3850060E-01
 0.7280000E+02   0.9345154E+00   0.2654791E+01   0.9335124E+00   0.4328513E-01
 0.7300000E+02   0.9455664E+00   0.2827460E+01   0.9444153E+00   0.4664333E-01
 0.7320000E+02   0.9611330E+00   0.2831445E+01   0.9599596E+00   0.4747798E-01
 0.7340000E+02   0.9805836E+00   0.2618890E+01   0.9795595E+00   0.4480516E-01
 0.7360000E+02   0.1003159E+01   0.2159016E+01   0.1002447E+01   0.3779203E-01
 0.7380000E+02   0.1028036E+01   0.1437087E+01   0.1027713E+01   0.2578240E-01
 0.7400000E+02   0.1054376E+01   0.4517932E+00   0.1054343E+01   0.8313959E-02
 0.7420000E+02   0.1081361E+01  -0.7878864E+00   0.1081259E+01  -0.1486956E-01
 0.7440000E+02   0.1108222E+01  -0.2265631E+01   0.1107356E+01  -0.4381070E-01
 0.7460000E+02   0.1134252E+01  -0.3960248E+01   0.1131543E+01  -0.7833635E-01
 0.7480000E+02   0.1158820E+01  -0.5847615E+01   0.1152790E+01  -0.1180641E+00
 0.7500000E+02   0.1181384E+01  -0.7902164E+01   0.1170166E+01  -0.1624190E+00
 0.7520000E+02   0.1201493E+01  -0.1009800E+02   0.1182881E+01  -0.2106607E+00
 0.7540000E+02   0.1218792E+01  -0.1240972E+02   0.1190316E+01  -0.2619197E+00
 0.7560000E+02   0.1233019E+01  -0.1481300E+02   0.1192040E+01  -0.3152400E+00
 0.7580000E+02   0.1244001E+01  -0.1728492E+02   0.1187821E+01  -0.3696221E+00
 0.7600000E+02   0.1251648E+01  -0.1980411E+02   0.1177621E+01  -0.4240652E+00
 0.7620000E+02   0.1255945E+01  -0.2235078E+02   0.1161589E+01  -0.4776056E+00
 0.7640000E+02   0.1256941E+01  -0.2490660E+02   0.1140040E+01  -0.5293486E+00
 0.7660000E+02   0.1254748E+01  -0.2745463E+02   0.1113434E+01  -0.5784967E+00
 0.7680000E+02   0.1249530E+01  -0.2997918E+02   0.1082351E+01  -0.6243715E+00
 0.7700000E+02   0.1241495E+01  -0.3246575E+02   0.1047465E+01  -0.6664288E+00
 0.7720000E+02   0.1230894E+01  -0.3490094E+02   0.1009509E+01  -0.7042677E+00
 0.7740000E+02   0.1218010E+01  -0.3727239E+02   0.9692500E+00  -0.7376328E+00
 0.7760000E+02   0.1203154E+01  -0.3956864E+02   0.9274654E+00  -0.7664115E+00
 0.7780000E+02   0.1186666E+01  -0.4177919E+02   0.8849179E+00  -0.7906297E+00
 0.7800000E+02   0.1168913E+01  -0.4389463E+02   0.8423373E+00  -0.8104473E+00
 0.7820000E+02   0.1150289E+01  -0.4590713E+02   0.8003982E+00  -0.8261526E+00
 0.7840000E+02   0.1131213E+01  -0.4781110E+02   0.7596966E+00  -0.8381548E+00
 0.7860000E+02   0.1112116E+01  -0.4960411E+02   0.7207235E+00  -0.8469703E+00
 0.7880000E+02   0.1093430E+01  -0.5128783E+02   0.6838401E+00  -0.8532005E+00
 0.7900000E+02   0.1075567E+01  -0.5286882E+02   0.6492573E+00  -0.8575016E+00
 0.7920000E+02   0.1058896E+01  -0.5435902E+02   0.6170235E+00  -0.8605483E+00
 0.7940000E+02   0.1043721E+01  -0.5577583E+02   0.5870223E+00  -0.8629936E+00
 0.7960000E+02   0.1030256E+01  -0.5714165E+02   0.5589795E+00  -0.8654296E+00
 0.7980000E+02   0.1018609E+01  -0.5848294E+02   0.5324805E+00  -0.8683487E+00
 0.8000000E+02   0.1008771E+01  -0.5982870E+02   0.5069952E+00  -0.8721095E+00
 0.8020000E+02   0.1000603E+01  -0.6120852E+02   0.4819137E+00  -0.8769066E+00
 0.8040000E+02   0.9938408E+00  -0.6265035E+02   0.4565898E+00  -0.8827487E+00
 0.8060000E+02   0.9881076E+00  -0.6417819E+02   0.4303937E+00  -0.8894480E+00
 0.8080000E+02   0.9829347E+00  -0.6581010E+02   0.4027696E+00  -0.8966255E+00
 0.8100000E+02   0.9777946E+00  -0.6755665E+02   0.3732925E+00  -0.9037339E+00
 0.8120000E+02   0.9721392E+00  -0.6942019E+02   0.3417184E+00  -0.9101006E+00
 0.8140000E+02   0.9654398E+00  -0.7139479E+02   0.3080192E+00  -0.9149854E+00
 0.8160000E+02   0.9572254E+00  -0.7346680E+02   0.2723985E+00  -0.9176489E+00
 0.8180000E+02   0.9471149E+00  -0.7561581E+02   0.2352847E+00  -0.9174245E+00
 0.8200000E+02   0.9348415E+00  -0.7781595E+02   0.1973007E+00  -0.9137839E+00
 0.8220000E+02   0.9202690E+00  -0.8003715E+02   0.1592154E+00  -0.9063915E+00
 0.8240000E+02   0.9033994E+00  -0.8224645E+02   0.1218797E+00  -0.8951401E+00
 0.8260000E+02   0.8843725E+00  -0.8440942E+02   0.8615500E-01  -0.8801659E+00
 0.8280000E+02   0.8634580E+00  -0.8649140E+02   0.5284220E-01  -0.8618395E+00
 0.8300000E+02   0.8410418E+00  -0.8845908E+02   0.2261641E-01  -0.8407377E+00
 0.8320000E+02   0.8176059E+00  -0.9028203E+02  -0.4024530E-02  -0.8175960E+00
 0.8340000E+02   0.7937040E+00  -0.9193461E+02  -0.2679458E-01  -0.7932516E+00
 0.8360000E+02   0.7699322E+00  -0.9339799E+02  -0.4563488E-01  -0.7685786E+00
 0.8380000E+02   0.7468980E+00  -0.9466234E+02  -0.6071037E-01  -0.7444265E+00
 0.8400000E+02   0.7251843E+00  -0.9572897E+02  -0.7239000E-01  -0.7215622E+00
 0.8420000E+02   0.7053145E+00  -0.9661201E+02  -0.8121374E-01  -0.7006232E+00
 0.8440000E+02   0.6877163E+00  -0.9733913E+02  -0.8785030E-01  -0.6820821E+00
 0.8460000E+02   0.6726900E+00  -0.9795086E+02  -0.9304904E-01  -0.6662234E+00
 0.8480000E+02   0.6603844E+00  -0.9849811E+02  -0.9758952E-01  -0.6531339E+00
 0.8500000E+02   0.6507849E+00  -0.9903800E+02  -0.1022315E+00  -0.6427050E+00
 0.8520000E+02   0.6437158E+00  -0.9962856E+02  -0.1076680E+00  -0.6346476E+00
 0.8540000E+02   0.6388585E+00  -0.1003232E+03  -0.1144841E+00  -0.6285169E+00
 0.8560000E+02   0.6357823E+00  -0.1011662E+03  -0.1231233E+00  -0.6237466E+00
 0.8580000E+02   0.6339839E+00  -0.1021896E+03  -0.1338645E+00  -0.6196902E+00
 0.8600000E+02   0.6329280E+00  -0.1034121E+03  -0.1468096E+00  -0.6156661E+00
 0.8620000E+02   0.6320861E+00  -0.1048394E+03  -0.1618842E+00  -0.6110043E+00
 0.8640000E+02   0.6309686E+00  -0.1064664E+03  -0.1788495E+00  -0.6050903E+00
 0.8660000E+02   0.6291491E+00  -0.1082787E+03  -0.1973255E+00  -0.5974037E+00
 0.8680000E+02   0.6262798E+00  -0.1102556E+03  -0.2168231E+00  -0.5875493E+00
 0.8700000E+02   0.6221013E+00  -0.1123719E+03  -0.2367824E+00  -0.5752774E+00
 0.8720000E+02   0.6164454E+00  -0.1146000E+03  -0.2566148E+00  -0.5604942E+00
 0.8740000E+02   0.6092344E+00  -0.1169113E+03  -0.2757455E+00  -0.5432595E+00
 0.8760000E+02   0.6004755E+00  -0.1192772E+03  -0.2936539E+00  -0.5237731E+00
 0.8780000E+02   0.5902532E+00  -0.1216711E+03  -0.3099076E+00  -0.5023505E+00
 0.8800000E+02   0.5787168E+00  -0.1240685E+03  -0.3241879E+00  -0.4793907E+00
 0.8820000E+02   0.5660672E+00  -0.1264490E+03  -0.3363043E+00  -0.4553367E+00
 0.8840000E+02   0.5525388E+00  -0.1287964E+03  -0.3461962E+00  -0.4306360E+00
 0.8860000E+02   0.5383813E+00  -0.1311004E+03  -0.3539213E+00  -0.4057020E+00
 0.8880000E+02   0.5238405E+00  -0.1333564E+03  -0.3596342E+00  -0.3808833E+00
 0.8900000E+02   0.5091400E+00  -0.1355661E+03  -0.3635556E+00  -0.3564420E+00
 0.8920000E+02   0.4944666E+00  -0.1377372E+03  -0.3659391E+00  -0.3325444E+00
 0.8940000E+02   0.4799596E+00  -0.1398828E+03  -0.3670384E+00  -0.3092637E+00
 0.8960000E+02   0.4657062E+00  -0.1420195E+03  -0.3670790E+00  -0.2865925E+00
 0.8980000E+02   0.4517421E+00  -0.1441668E+03  -0.3662384E+00  -0.2644624E+00
 0.9000000E+02   0.4380577E+00  -0.1463450E+03  -0.3646347E+00  -0.2427675E+00
 0.9020000E+02   0.4246078E+00  -0.1485743E+03  -0.3623252E+00  -0.2213871E+00
 0.9040000E+02   0.4113226E+00  -0.1508737E+03  -0.3593105E+00  -0.2002054E+00
 0.9060000E+02   0.3981187E+00  -0.1532607E+03  -0.3555451E+00  -0.1791260E+00
 0.9080000E+02   0.3849088E+00  -0.1557513E+03  -0.3509489E+00  -0.1580812E+00
 0.9100000E+02   0.3716087E+00  -0.1583606E+03  -0.3454188E+00  -0.1370360E+00
 0.9120000E+02   0.3581414E+00  -0.1611034E+03  -0.3388391E+00  -0.1159883E+00
 0.9140000E+02   0.3444394E+00  -0.1639953E+03  -0.3310887E+00  -0.9496733E-01
 0.9160000E+02   0.3304453E+00  -0.1670539E+03  -0.3220458E+00  -0.7403110E-01
 0.9180000E+02   0.3161115E+00  -0.1702994E+03  -0.3115916E+00  -0.5326465E-01
 0.9200000E+02   0.3013997E+00  -0.1737564E+03  -0.2996119E+00  -0.3277902E-01
 0.9220000E+02   0.2862818E+00  -0.1774551E+03  -0.2859994E+00  -0.1271167E-01
 0.9240000E+02   0.2707408E+00   0.1785667E+03  -0.2706561E+00   0.6772112E-02
 0.9260000E+02   0.2547740E+00   0.1742609E+03  -0.2534970E+00   0.2547722E-01
 0.9280000E+02   0.2383987E+00   0.1695655E+03  -0.2344562E+00   0.4317664E-01
 0.9300000E+02   0.2216596E+00   0.1643996E+03  -0.2134938E+00   0.5961022E-01
 0.9320000E+02   0.2046425E+00   0.1586554E+03  -0.1906057E+00   0.7448494E-01
 0.9340000E+02   0.1874925E+00   0.1521883E+03  -0.1658344E+00   0.8747782E-01
 0.9360000E+02   0.1704427E+00   0.1448026E+03  -0.1392809E+00   0.9824233E-01
 0.9380000E+02   0.1538567E+00   0.1362370E+03  -0.1111164E+00   0.1064191E+00
 0.9400000E+02   0.1382868E+00   0.1261585E+03  -0.8159202E-01   0.1116511E+00
 0.9420000E+02   0.1245447E+00   0.1141955E+03  -0.5104474E-01   0.1136038E+00
 0.9440000E+02   0.1137413E+00   0.1000752E+03  -0.1989802E-01   0.1119873E+00
 0.9460000E+02   0.1071838E+00   0.8392419E+02   0.1134479E-01   0.1065818E+00
 0.9480000E+02   0.1059871E+00   0.6658684E+02   0.4211488E-01   0.9726046E-01
 0.9500000E+02   0.1105117E+00   0.4948074E+02   0.7179985E-01   0.8400961E-01
 0.9520000E+02   0.1201487E+00   0.3385955E+02   0.9977215E-01   0.6694190E-01
 0.9540000E+02   0.1336950E+00   0.2026241E+02   0.1254215E+00   0.4630128E-01
 0.9560000E+02   0.1498805E+00   0.8617637E+01   0.1481884E+00   0.2245805E-01
 0.9580000E+02   0.1676462E+00  -0.1403453E+01   0.1675959E+00  -0.4106064E-02
 0.9600000E+02   0.1861913E+00  -0.1015309E+02   0.1832756E+00  -0.3282158E-01
 0.9620000E+02   0.2049293E+00  -0.1792213E+02   0.1949852E+00  -0.6306168E-01
 0.9640000E+02   0.2234344E+00  -0.2492888E+02   0.2026174E+00  -0.9417602E-01
 0.9660000E+02   0.2413996E+00  -0.3133142E+02   0.2061972E+00  -0.1255248E+00
 0.9680000E+02   0.2586078E+00  -0.3724320E+02   0.2058709E+00  -0.1565093E+00
 0.9700000E+02   0.2749122E+00  -0.4274606E+02   0.2018871E+00  -0.1865967E+00
 0.9720000E+02   0.2902222E+00  -0.4789983E+02   0.1945733E+00  -0.2153373E+00
 0.9740000E+02   0.3044920E+00  -0.5274902E+02   0.1843113E+00  -0.2423731E+00
 0.9760000E+02   0.3177119E+00  -0.5732739E+02   0.1715129E+00  -0.2674400E+00
 0.9780000E+02   0.3299011E+00  -0.6166102E+02   0.1565998E+00  -0.2903640E+00
 0.9800000E+02   0.3411024E+00  -0.6577033E+02   0.1399869E+00  -0.3110539E+00
 0.9820000E+02   0.3513781E+00  -0.6967147E+02   0.1220697E+00  -0.3294929E+00
 0.9840000E+02   0.3608083E+00  -0.7337738E+02   0.1032152E+00  -0.3457301E+00
 0.9860000E+02   0.3694903E+00  -0.7689861E+02   0.8375418E-01  -0.3598726E+00
 0.9880000E+02   0.3775388E+00  -0.8024420E+02   0.6397370E-01  -0.3720791E+00
 0.9900000E+02   0.3850870E+00  -0.8342258E+02   0.4411003E-01  -0.3825524E+00
 0.9920000E+02   0.3922868E+00  -0.8644267E+02   0.2434034E-01  -0.3915309E+00
 0.9940000E+02   0.3993072E+00  -0.8931489E+02   0.4774553E-02  -0.3992786E+00
 0.9960000E+02   0.4063316E+00  -0.9205236E+02  -0.1455186E-01  -0.4060710E+00
 0.9980000E+02   0.4135522E+00  -0.9467176E+02  -0.3368270E-01  -0.4121782E+00
 0.1000000E+03   0.4211613E+00  -0.9719405E+02  -0.5274210E-01  -0.4178458E+00
