  Freq              AMPL              PHASE          REAL          IMAG
 0.2099800E+00   0.1000331E+01  -0.1541401E-02   0.1000331E+01  -0.2691144E-04
 0.2099800E+00   0.1000331E+01  -0.1541401E-02   0.1000331E+01  -0.2691144E-04
 0.4000000E+00   0.1001217E+01  -0.5670308E-02   0.1001217E+01  -0.9908603E-04
 0.6000000E+00   0.1002724E+01  -0.1269899E-01   0.1002724E+01  -0.2222429E-03
 0.8000000E+00   0.1004837E+01  -0.2256153E-01   0.1004837E+01  -0.3956777E-03
 0.1000000E+01   0.1007560E+01  -0.3525011E-01   0.1007560E+01  -0.6198815E-03
 0.1200000E+01   0.1010893E+01  -0.5070755E-01   0.1010893E+01  -0.8946543E-03
 0.1400000E+01   0.1014834E+01  -0.6875300E-01   0.1014833E+01  -0.1217766E-02
 0.1600000E+01   0.1019365E+01  -0.8888037E-01   0.1019364E+01  -0.1581295E-02
 0.1800000E+01   0.1024436E+01  -0.1096098E+00   0.1024434E+01  -0.1959798E-02
 0.2000000E+01   0.1029899E+01  -0.1257666E+00   0.1029896E+01  -0.2260669E-02
 0.2200000E+01   0.1035286E+01  -0.1102614E+00   0.1035284E+01  -0.1992328E-02
 0.2400000E+01   0.1041722E+01   0.1214458E+00   0.1041720E+01   0.2208062E-02
 0.2600000E+01   0.1060669E+01   0.4414970E+00   0.1060637E+01   0.8172981E-02
 0.2800000E+01   0.1071828E+01  -0.1404197E+00   0.1071825E+01  -0.2626818E-02
 0.3000000E+01   0.1080332E+01  -0.3090295E+00   0.1080316E+01  -0.5826833E-02
 0.3200000E+01   0.1090759E+01  -0.3953529E+00   0.1090733E+01  -0.7526409E-02
 0.3400000E+01   0.1102767E+01  -0.4723588E+00   0.1102729E+01  -0.9091344E-02
 0.3600000E+01   0.1116181E+01  -0.5614556E+00   0.1116127E+01  -0.1093756E-01
 0.3800000E+01   0.1130084E+01  -0.6760011E+00   0.1130006E+01  -0.1333293E-01
 0.4000000E+01   0.1145457E+01  -0.7227371E+00   0.1145366E+01  -0.1444857E-01
 0.4200000E+01   0.1162931E+01  -0.7973186E+00   0.1162819E+01  -0.1618264E-01
 0.4400000E+01   0.1181924E+01  -0.8905086E+00   0.1181781E+01  -0.1836909E-01
 0.4600000E+01   0.1202541E+01  -0.9952262E+00   0.1202359E+01  -0.2088705E-01
 0.4800000E+01   0.1224950E+01  -0.1110469E+01   0.1224720E+01  -0.2373968E-01
 0.5000000E+01   0.1249332E+01  -0.1236617E+01   0.1249041E+01  -0.2696227E-01
 0.5200000E+01   0.1275885E+01  -0.1374356E+01   0.1275518E+01  -0.3060175E-01
 0.5400000E+01   0.1304831E+01  -0.1524295E+01   0.1304369E+01  -0.3470958E-01
 0.5600000E+01   0.1336415E+01  -0.1686516E+01   0.1335836E+01  -0.3933205E-01
 0.5800000E+01   0.1370902E+01  -0.1859533E+01   0.1370180E+01  -0.4448479E-01
 0.6000000E+01   0.1408576E+01  -0.2037379E+01   0.1407686E+01  -0.5007697E-01
 0.6200000E+01   0.1449814E+01  -0.2200797E+01   0.1448745E+01  -0.5567536E-01
 0.6400000E+01   0.1495898E+01  -0.2298634E+01   0.1494694E+01  -0.5999744E-01
 0.6600000E+01   0.1551781E+01  -0.2348616E+01   0.1550477E+01  -0.6359137E-01
 0.6800000E+01   0.1617946E+01  -0.2535845E+01   0.1616362E+01  -0.7158506E-01
 0.7000000E+01   0.1696966E+01  -0.2980084E+01   0.1694671E+01  -0.8822329E-01
 0.7200000E+01   0.1777708E+01  -0.3735920E+01   0.1773930E+01  -0.1158318E+00
 0.7400000E+01   0.1863722E+01  -0.4439240E+01   0.1858131E+01  -0.1442556E+00
 0.7600000E+01   0.1962329E+01  -0.5133897E+01   0.1954457E+01  -0.1755962E+00
 0.7800000E+01   0.2077567E+01  -0.5898078E+01   0.2066569E+01  -0.2134890E+00
 0.8000000E+01   0.2213606E+01  -0.6788136E+01   0.2198089E+01  -0.2616446E+00
 0.8200000E+01   0.2376070E+01  -0.7861500E+01   0.2353739E+01  -0.3249964E+00
 0.8400000E+01   0.2572859E+01  -0.9195719E+01   0.2539794E+01  -0.4111620E+00
 0.8600000E+01   0.2815095E+01  -0.1091321E+02   0.2764185E+01  -0.5329588E+00
 0.8800000E+01   0.3116964E+01  -0.1322814E+02   0.3034261E+01  -0.7132519E+00
 0.9000000E+01   0.3488087E+01  -0.1641749E+02   0.3345870E+01  -0.9858527E+00
 0.9200000E+01   0.3938656E+01  -0.2044411E+02   0.3690573E+01  -0.1375747E+01
 0.9400000E+01   0.4539774E+01  -0.2554879E+02   0.4095867E+01  -0.1957912E+01
 0.9600000E+01   0.5343457E+01  -0.3329268E+02   0.4466476E+01  -0.2933109E+01
 0.9800000E+01   0.6244878E+01  -0.4467462E+02   0.4440801E+01  -0.4390647E+01
 0.1000000E+02   0.7107325E+01  -0.5925514E+02   0.3633377E+01  -0.6108407E+01
 0.1020000E+02   0.7742168E+01  -0.7825106E+02   0.1576488E+01  -0.7579964E+01
 0.1040000E+02   0.7425908E+01  -0.1005409E+03  -0.1358472E+01  -0.7300593E+01
 0.1060000E+02   0.6204238E+01  -0.1196947E+03  -0.3073449E+01  -0.5389479E+01
 0.1080000E+02   0.4896701E+01  -0.1329409E+03  -0.3335845E+01  -0.3584664E+01
 0.1100000E+02   0.3863593E+01  -0.1414781E+03  -0.3022761E+01  -0.2406297E+01
 0.1120000E+02   0.3105998E+01  -0.1470176E+03  -0.2605428E+01  -0.1690848E+01
 0.1140000E+02   0.2548100E+01  -0.1507314E+03  -0.2222803E+01  -0.1245777E+01
 0.1160000E+02   0.2126218E+01  -0.1532780E+03  -0.1899134E+01  -0.9560809E+00
 0.1180000E+02   0.1797878E+01  -0.1550190E+03  -0.1629682E+01  -0.7592771E+00
 0.1200000E+02   0.1535529E+01  -0.1561561E+03  -0.1404471E+01  -0.6207328E+00
 0.1220000E+02   0.1320993E+01  -0.1567956E+03  -0.1214132E+01  -0.5204867E+00
 0.1240000E+02   0.1141982E+01  -0.1569774E+03  -0.1051024E+01  -0.4466227E+00
 0.1260000E+02   0.9900256E+00  -0.1566823E+03  -0.9091645E+00  -0.3918810E+00
 0.1280000E+02   0.8592808E+00  -0.1558247E+03  -0.7839193E+00  -0.3519006E+00
 0.1300000E+02   0.7459706E+00  -0.1542280E+03  -0.6717700E+00  -0.3243413E+00
 0.1320000E+02   0.6484151E+00  -0.1515884E+03  -0.5703152E+00  -0.3085169E+00
 0.1340000E+02   0.5677977E+00  -0.1474801E+03  -0.4787699E+00  -0.3052437E+00
 0.1360000E+02   0.5092783E+00  -0.1416279E+03  -0.3992719E+00  -0.3161428E+00
 0.1380000E+02   0.4800316E+00  -0.1347650E+03  -0.3380384E+00  -0.3408231E+00
 0.1400000E+02   0.4807004E+00  -0.1291081E+03  -0.3032192E+00  -0.3730027E+00
 0.1420000E+02   0.4986991E+00  -0.1271205E+03  -0.3009616E+00  -0.3976467E+00
 0.1440000E+02   0.5051160E+00  -0.1294890E+03  -0.3212183E+00  -0.3898217E+00
 0.1460000E+02   0.4768351E+00  -0.1337183E+03  -0.3295470E+00  -0.3446310E+00
 0.1480000E+02   0.4221771E+00  -0.1368290E+03  -0.3079003E+00  -0.2888441E+00
 0.1500000E+02   0.3601264E+00  -0.1376031E+03  -0.2659504E+00  -0.2428197E+00
 0.1520000E+02   0.3015010E+00  -0.1358583E+03  -0.2163630E+00  -0.2099759E+00
 0.1540000E+02   0.2501856E+00  -0.1314692E+03  -0.1656772E+00  -0.1874670E+00
 0.1560000E+02   0.2077040E+00  -0.1240287E+03  -0.1162329E+00  -0.1721361E+00
 0.1580000E+02   0.1756673E+00  -0.1129483E+03  -0.6849265E-01  -0.1617645E+00
 0.1600000E+02   0.1566094E+00  -0.9815881E+02  -0.2222558E-01  -0.1550243E+00
 0.1620000E+02   0.1529064E+00  -0.8136636E+02   0.2295368E-01  -0.1511738E+00
 0.1640000E+02   0.1642587E+00  -0.6576207E+02   0.6743259E-01  -0.1497791E+00
 0.1660000E+02   0.1874334E+00  -0.5345316E+02   0.1116128E+00  -0.1505785E+00
 0.1680000E+02   0.2187776E+00  -0.4454226E+02   0.1559300E+00  -0.1534583E+00
 0.1700000E+02   0.2558159E+00  -0.3827129E+02   0.2008377E+00  -0.1584487E+00
 0.1720000E+02   0.2972662E+00  -0.3387884E+02   0.2467958E+00  -0.1657077E+00
 0.1740000E+02   0.3426440E+00  -0.3081301E+02   0.2942776E+00  -0.1755153E+00
 0.1760000E+02   0.3919649E+00  -0.2870948E+02   0.3437794E+00  -0.1882877E+00
 0.1780000E+02   0.4455821E+00  -0.2733516E+02   0.3958264E+00  -0.2046090E+00
 0.1800000E+02   0.5041081E+00  -0.2654461E+02   0.4509684E+00  -0.2252832E+00
 0.1820000E+02   0.5683796E+00  -0.2625261E+02   0.5097527E+00  -0.2514111E+00
 0.1840000E+02   0.6394195E+00  -0.2641877E+02   0.5726424E+00  -0.2844960E+00
 0.1860000E+02   0.7183186E+00  -0.2703873E+02   0.6398060E+00  -0.3265423E+00
 0.1880000E+02   0.8058799E+00  -0.2812875E+02   0.7106978E+00  -0.3799357E+00
 0.1900000E+02   0.9020954E+00  -0.2967519E+02   0.7837820E+00  -0.4466117E+00
 0.1920000E+02   0.1006699E+01  -0.3155508E+02   0.8578456E+00  -0.5268235E+00
 0.1940000E+02   0.1122290E+01  -0.3357001E+02   0.9351045E+00  -0.6205767E+00
 0.1960000E+02   0.1256864E+01  -0.3567745E+02   0.1020967E+01  -0.7330300E+00
 0.1980000E+02   0.1420910E+01  -0.3811165E+02   0.1117985E+01  -0.8769797E+00
 0.2000000E+02   0.1623527E+01  -0.4121156E+02   0.1221350E+01  -0.1069647E+01
 0.2020000E+02   0.1872499E+01  -0.4526905E+02   0.1317824E+01  -0.1330259E+01
 0.2040000E+02   0.2175189E+01  -0.5053777E+02   0.1382484E+01  -0.1679341E+01
 0.2060000E+02   0.2536605E+01  -0.5727738E+02   0.1371219E+01  -0.2134039E+01
 0.2080000E+02   0.2953181E+01  -0.6574020E+02   0.1213388E+01  -0.2692391E+01
 0.2100000E+02   0.3403163E+01  -0.7606876E+02   0.8193362E+00  -0.3303060E+01
 0.2120000E+02   0.3841586E+01  -0.8813241E+02   0.1251968E+00  -0.3839545E+01
 0.2140000E+02   0.4213935E+01  -0.1014676E+03  -0.8377913E+00  -0.4129812E+01
 0.2160000E+02   0.4482171E+01  -0.1154858E+03  -0.1928624E+01  -0.4046018E+01
 0.2180000E+02   0.4632485E+01  -0.1297053E+03  -0.2959413E+01  -0.3563957E+01
 0.2200000E+02   0.4671409E+01  -0.1437314E+03  -0.3766334E+01  -0.2763474E+01
 0.2220000E+02   0.4628527E+01  -0.1572742E+03  -0.4269187E+01  -0.1788100E+01
 0.2240000E+02   0.4545963E+01  -0.1702990E+03  -0.4480958E+01  -0.7660261E+00
 0.2260000E+02   0.4457123E+01   0.1769588E+03  -0.4450846E+01   0.2364695E+00
 0.2280000E+02   0.4375469E+01   0.1641285E+03  -0.4208665E+01   0.1196606E+01
 0.2300000E+02   0.4294733E+01   0.1508580E+03  -0.3751088E+01   0.2091428E+01
 0.2320000E+02   0.4194142E+01   0.1369407E+03  -0.3064439E+01   0.2863571E+01
 0.2340000E+02   0.4047666E+01   0.1224153E+03  -0.2169761E+01   0.3416978E+01
 0.2360000E+02   0.3837837E+01   0.1076020E+03  -0.1160572E+01   0.3658151E+01
 0.2380000E+02   0.3567841E+01   0.9301688E+02  -0.1877759E+00   0.3562896E+01
 0.2400000E+02   0.3261365E+01   0.7918599E+02   0.6119020E+00   0.3203448E+01
 0.2420000E+02   0.2949766E+01   0.6647387E+02   0.1177450E+01   0.2704576E+01
 0.2440000E+02   0.2657924E+01   0.5502703E+02   0.1523495E+01   0.2177963E+01
 0.2460000E+02   0.2398317E+01   0.4484295E+02   0.1700508E+01   0.1691211E+01
 0.2480000E+02   0.2174141E+01   0.3589366E+02   0.1761286E+01   0.1274661E+01
 0.2500000E+02   0.1986126E+01   0.2818001E+02   0.1750707E+01   0.9379348E+00
 0.2520000E+02   0.1836212E+01   0.2164320E+02   0.1706756E+01   0.6772418E+00
 0.2540000E+02   0.1725118E+01   0.1603823E+02   0.1657972E+01   0.4766134E+00
 0.2560000E+02   0.1648332E+01   0.1097435E+02   0.1618188E+01   0.3137920E+00
 0.2580000E+02   0.1596527E+01   0.6101898E+01   0.1587482E+01   0.1697061E+00
 0.2600000E+02   0.1558973E+01   0.1228886E+01   0.1558614E+01   0.3343446E-01
 0.2620000E+02   0.1525615E+01  -0.3670225E+01   0.1522486E+01  -0.9766025E-01
 0.2640000E+02   0.1488315E+01  -0.8445362E+01   0.1472176E+01  -0.2185832E+00
 0.2660000E+02   0.1443676E+01  -0.1278196E+02   0.1407901E+01  -0.3194011E+00
 0.2680000E+02   0.1395391E+01  -0.1634198E+02   0.1339016E+01  -0.3926210E+00
 0.2700000E+02   0.1351812E+01  -0.1897839E+02   0.1278329E+01  -0.4396249E+00
 0.2720000E+02   0.1320264E+01  -0.2081084E+02   0.1234128E+01  -0.4690684E+00
 0.2740000E+02   0.1303810E+01  -0.2210905E+02   0.1207940E+01  -0.4907158E+00
 0.2760000E+02   0.1301789E+01  -0.2313968E+02   0.1197059E+01  -0.5115690E+00
 0.2780000E+02   0.1311665E+01  -0.2407808E+02   0.1197537E+01  -0.5351345E+00
 0.2800000E+02   0.1330966E+01  -0.2498907E+02   0.1206372E+01  -0.5622604E+00
 0.2820000E+02   0.1358778E+01  -0.2587683E+02   0.1222539E+01  -0.5930221E+00
 0.2840000E+02   0.1395749E+01  -0.2676665E+02   0.1246192E+01  -0.6285866E+00
 0.2860000E+02   0.1442628E+01  -0.2773915E+02   0.1276836E+01  -0.6714669E+00
 0.2880000E+02   0.1498870E+01  -0.2889215E+02   0.1312307E+01  -0.7241976E+00
 0.2900000E+02   0.1562429E+01  -0.3028151E+02   0.1349249E+01  -0.7878533E+00
 0.2920000E+02   0.1630627E+01  -0.3188744E+02   0.1384545E+01  -0.8613826E+00
 0.2940000E+02   0.1701679E+01  -0.3361883E+02   0.1417055E+01  -0.9421608E+00
 0.2960000E+02   0.1776360E+01  -0.3535972E+02   0.1448684E+01  -0.1027994E+01
 0.2980000E+02   0.1858620E+01  -0.3704578E+02   0.1483466E+01  -0.1119731E+01
 0.3000000E+02   0.1954234E+01  -0.3872031E+02   0.1524711E+01  -0.1222411E+01
 0.3020000E+02   0.2068412E+01  -0.4052336E+02   0.1572285E+01  -0.1343967E+01
 0.3040000E+02   0.2204197E+01  -0.4263184E+02   0.1621673E+01  -0.1492869E+01
 0.3060000E+02   0.2362252E+01  -0.4520639E+02   0.1664337E+01  -0.1676371E+01
 0.3080000E+02   0.2541205E+01  -0.4837226E+02   0.1688093E+01  -0.1899491E+01
 0.3100000E+02   0.2737638E+01  -0.5222283E+02   0.1677056E+01  -0.2163827E+01
 0.3120000E+02   0.2945451E+01  -0.5682524E+02   0.1611735E+01  -0.2465359E+01
 0.3140000E+02   0.3154815E+01  -0.6221575E+02   0.1470596E+01  -0.2791094E+01
 0.3160000E+02   0.3351435E+01  -0.6838244E+02   0.1234700E+01  -0.3115707E+01
 0.3180000E+02   0.3517227E+01  -0.7524068E+02   0.8960461E+00  -0.3401174E+01
 0.3200000E+02   0.3633480E+01  -0.8261602E+02   0.4669686E+00  -0.3603348E+01
 0.3220000E+02   0.3686195E+01  -0.9025362E+02  -0.1631710E-01  -0.3686159E+01
 0.3240000E+02   0.3670978E+01  -0.9786289E+02  -0.5022007E+00  -0.3636464E+01
 0.3260000E+02   0.3594102E+01  -0.1051797E+03  -0.9411047E+00  -0.3468702E+01
 0.3280000E+02   0.3469145E+01  -0.1120116E+03  -0.1300215E+01  -0.3216272E+01
 0.3300000E+02   0.3312022E+01  -0.1182476E+03  -0.1567522E+01  -0.2917595E+01
 0.3320000E+02   0.3137369E+01  -0.1238433E+03  -0.1747275E+01  -0.2605784E+01
 0.3340000E+02   0.2956903E+01  -0.1288021E+03  -0.1852890E+01  -0.2304360E+01
 0.3360000E+02   0.2779048E+01  -0.1331595E+03  -0.1900956E+01  -0.2027184E+01
 0.3380000E+02   0.2609190E+01  -0.1369712E+03  -0.1907345E+01  -0.1780424E+01
 0.3400000E+02   0.2450251E+01  -0.1403019E+03  -0.1885274E+01  -0.1565079E+01
 0.3420000E+02   0.2303361E+01  -0.1432167E+03  -0.1844775E+01  -0.1379231E+01
 0.3440000E+02   0.2168502E+01  -0.1457739E+03  -0.1792970E+01  -0.1219696E+01
 0.3460000E+02   0.2045057E+01  -0.1480218E+03  -0.1734719E+01  -0.1083055E+01
 0.3480000E+02   0.1932213E+01  -0.1499983E+03  -0.1673317E+01  -0.9661545E+00
 0.3500000E+02   0.1829183E+01  -0.1517345E+03  -0.1611077E+01  -0.8662236E+00
 0.3520000E+02   0.1735254E+01  -0.1532587E+03  -0.1549664E+01  -0.7808010E+00
 0.3540000E+02   0.1649732E+01  -0.1545991E+03  -0.1490250E+01  -0.7076515E+00
 0.3560000E+02   0.1571896E+01  -0.1557843E+03  -0.1433582E+01  -0.6447491E+00
 0.3580000E+02   0.1500994E+01  -0.1568417E+03  -0.1380047E+01  -0.5902999E+00
 0.3600000E+02   0.1436265E+01  -0.1577968E+03  -0.1329765E+01  -0.5427534E+00
 0.3620000E+02   0.1376955E+01  -0.1586730E+03  -0.1282661E+01  -0.5007854E+00
 0.3640000E+02   0.1322311E+01  -0.1594909E+03  -0.1238498E+01  -0.4632789E+00
 0.3660000E+02   0.1271581E+01  -0.1602670E+03  -0.1196909E+01  -0.4293325E+00
 0.3680000E+02   0.1224053E+01  -0.1610111E+03  -0.1157442E+01  -0.3982883E+00
 0.3700000E+02   0.1179121E+01  -0.1617257E+03  -0.1119653E+01  -0.3697325E+00
 0.3720000E+02   0.1136332E+01  -0.1624083E+03  -0.1083191E+01  -0.3434354E+00
 0.3740000E+02   0.1095380E+01  -0.1630546E+03  -0.1047822E+01  -0.3192600E+00
 0.3760000E+02   0.1056057E+01  -0.1636609E+03  -0.1013407E+01  -0.2970920E+00
 0.3780000E+02   0.1018213E+01  -0.1642253E+03  -0.9798649E+00  -0.2768072E+00
 0.3800000E+02   0.9817206E+00  -0.1647480E+03  -0.9471426E+00  -0.2582564E+00
 0.3820000E+02   0.9464465E+00  -0.1652321E+03  -0.9151819E+00  -0.2412531E+00
 0.3840000E+02   0.9122066E+00  -0.1656830E+03  -0.8838757E+00  -0.2255766E+00
 0.3860000E+02   0.8787347E+00  -0.1661057E+03  -0.8530233E+00  -0.2110120E+00
 0.3880000E+02   0.8456873E+00  -0.1665001E+03  -0.8223214E+00  -0.1974198E+00
 0.3900000E+02   0.8126971E+00  -0.1668561E+03  -0.7914061E+00  -0.1848053E+00
 0.3920000E+02   0.7794571E+00  -0.1671500E+03  -0.7599362E+00  -0.1733508E+00
 0.3940000E+02   0.7458036E+00  -0.1673450E+03  -0.7276858E+00  -0.1633902E+00
 0.3960000E+02   0.7117607E+00  -0.1673945E+03  -0.6946043E+00  -0.1553323E+00
 0.3980000E+02   0.6775326E+00  -0.1672467E+03  -0.6608175E+00  -0.1495681E+00
 0.4000000E+02   0.6434594E+00  -0.1668481E+03  -0.6265817E+00  -0.1464084E+00
 0.4020000E+02   0.6099800E+00  -0.1661452E+03  -0.5922331E+00  -0.1460670E+00
 0.4040000E+02   0.5776225E+00  -0.1650862E+03  -0.5581649E+00  -0.1486598E+00
 0.4060000E+02   0.5469956E+00  -0.1636280E+03  -0.5248160E+00  -0.1541828E+00
 0.4080000E+02   0.5187304E+00  -0.1617471E+03  -0.4926295E+00  -0.1624729E+00
 0.4100000E+02   0.4933689E+00  -0.1594487E+03  -0.4619700E+00  -0.1731953E+00
 0.4120000E+02   0.4712485E+00  -0.1567677E+03  -0.4330365E+00  -0.1858887E+00
 0.4140000E+02   0.4524411E+00  -0.1537577E+03  -0.4058091E+00  -0.2000549E+00
 0.4160000E+02   0.4367800E+00  -0.1504721E+03  -0.3800491E+00  -0.2152660E+00
 0.4180000E+02   0.4239740E+00  -0.1469443E+03  -0.3553498E+00  -0.2312586E+00
 0.4200000E+02   0.4137776E+00  -0.1431777E+03  -0.3312282E+00  -0.2479914E+00
 0.4220000E+02   0.4061500E+00  -0.1391515E+03  -0.3072290E+00  -0.2656468E+00
 0.4240000E+02   0.4013448E+00  -0.1348404E+03  -0.2830020E+00  -0.2845831E+00
 0.4260000E+02   0.3999092E+00  -0.1302397E+03  -0.2583361E+00  -0.3052701E+00
 0.4280000E+02   0.4026186E+00  -0.1253873E+03  -0.2331565E+00  -0.3282373E+00
 0.4300000E+02   0.4103786E+00  -0.1203745E+03  -0.2075082E+00  -0.3540494E+00
 0.4320000E+02   0.4241227E+00  -0.1153439E+03  -0.1815457E+00  -0.3833030E+00
 0.4340000E+02   0.4447219E+00  -0.1104717E+03  -0.1555389E+00  -0.4166356E+00
 0.4360000E+02   0.4729232E+00  -0.1059423E+03  -0.1298973E+00  -0.4547341E+00
 0.4380000E+02   0.5093212E+00  -0.1019218E+03  -0.1052135E+00  -0.4983354E+00
 0.4400000E+02   0.5543552E+00  -0.9854040E+02  -0.8232545E-01  -0.5482081E+00
 0.4420000E+02   0.6083125E+00  -0.9588688E+02  -0.6239143E-01  -0.6051044E+00
 0.4440000E+02   0.6713126E+00  -0.9401220E+02  -0.4697104E-01  -0.6696673E+00
 0.4460000E+02   0.7432569E+00  -0.9293771E+02  -0.3809206E-01  -0.7422801E+00
 0.4480000E+02   0.8237367E+00  -0.9266307E+02  -0.3827302E-01  -0.8228471E+00
 0.4500000E+02   0.9119073E+00  -0.9317186E+02  -0.5045679E-01  -0.9105103E+00
 0.4520000E+02   0.1006340E+01  -0.9443386E+02  -0.7779846E-01  -0.1003329E+01
 0.4540000E+02   0.1104887E+01  -0.9640466E+02  -0.1232499E+00  -0.1097992E+01
 0.4560000E+02   0.1204602E+01  -0.9902280E+02  -0.1889146E+00  -0.1189696E+01
 0.4580000E+02   0.1301794E+01  -0.1022059E+03  -0.2752334E+00  -0.1272366E+01
 0.4600000E+02   0.1392297E+01  -0.1058479E+03  -0.3802148E+00  -0.1339376E+01
 0.4620000E+02   0.1471968E+01  -0.1098191E+03  -0.4990722E+00  -0.1384780E+01
 0.4640000E+02   0.1537357E+01  -0.1139726E+03  -0.6246285E+00  -0.1404744E+01
 0.4660000E+02   0.1586329E+01  -0.1181565E+03  -0.7485596E+00  -0.1398606E+01
 0.4680000E+02   0.1618402E+01  -0.1222282E+03  -0.8630820E+00  -0.1369057E+01
 0.4700000E+02   0.1634687E+01  -0.1260678E+03  -0.9624096E+00  -0.1321352E+01
 0.4720000E+02   0.1637483E+01  -0.1295859E+03  -0.1043459E+01  -0.1261960E+01
 0.4740000E+02   0.1629736E+01  -0.1327245E+03  -0.1105734E+01  -0.1197244E+01
 0.4760000E+02   0.1614552E+01  -0.1354542E+03  -0.1150675E+01  -0.1132575E+01
 0.4780000E+02   0.1594860E+01  -0.1377681E+03  -0.1180883E+01  -0.1071957E+01
 0.4800000E+02   0.1573232E+01  -0.1396766E+03  -0.1199440E+01  -0.1018040E+01
 0.4820000E+02   0.1551822E+01  -0.1412029E+03  -0.1209443E+01  -0.9723174E+00
 0.4840000E+02   0.1532359E+01  -0.1423790E+03  -0.1213729E+01  -0.9354069E+00
 0.4860000E+02   0.1516181E+01  -0.1432429E+03  -0.1214733E+01  -0.9073195E+00
 0.4880000E+02   0.1504305E+01  -0.1438352E+03  -0.1214460E+01  -0.8877061E+00
 0.4900000E+02   0.1497511E+01  -0.1441962E+03  -0.1214520E+01  -0.8760606E+00
 0.4920000E+02   0.1496459E+01  -0.1443649E+03  -0.1216238E+01  -0.8718684E+00
 0.4940000E+02   0.1501803E+01  -0.1443788E+03  -0.1220794E+01  -0.8746849E+00
 0.4960000E+02   0.1514279E+01  -0.1442771E+03  -0.1229368E+01  -0.8841354E+00
 0.4980000E+02   0.1534747E+01  -0.1441042E+03  -0.1243275E+01  -0.8998413E+00
 0.5000000E+02   0.1564149E+01  -0.1439139E+03  -0.1264040E+01  -0.9212835E+00
 0.5020000E+02   0.1603400E+01  -0.1437713E+03  -0.1293405E+01  -0.9476256E+00
 0.5040000E+02   0.1653209E+01  -0.1437514E+03  -0.1333245E+01  -0.9775260E+00
 0.5060000E+02   0.1713863E+01  -0.1439341E+03  -0.1385385E+01  -0.1008977E+01
 0.5080000E+02   0.1785024E+01  -0.1443955E+03  -0.1451323E+01  -0.1039217E+01
 0.5100000E+02   0.1865580E+01  -0.1451982E+03  -0.1531885E+01  -0.1064761E+01
 0.5120000E+02   0.1953602E+01  -0.1463822E+03  -0.1626861E+01  -0.1081612E+01
 0.5140000E+02   0.2046443E+01  -0.1479599E+03  -0.1734723E+01  -0.1085663E+01
 0.5160000E+02   0.2140978E+01  -0.1499144E+03  -0.1852541E+01  -0.1073257E+01
 0.5180000E+02   0.2233984E+01  -0.1522028E+03  -0.1976190E+01  -0.1041805E+01
 0.5200000E+02   0.2322566E+01  -0.1547631E+03  -0.2100883E+01  -0.9902545E+00
 0.5220000E+02   0.2404548E+01  -0.1575240E+03  -0.2221898E+01  -0.9192494E+00
 0.5240000E+02   0.2478725E+01  -0.1604147E+03  -0.2335315E+01  -0.8308921E+00
 0.5260000E+02   0.2544912E+01  -0.1633739E+03  -0.2438515E+01  -0.7281635E+00
 0.5280000E+02   0.2603776E+01  -0.1663560E+03  -0.2530298E+01  -0.6141988E+00
 0.5300000E+02   0.2656528E+01  -0.1693347E+03  -0.2610637E+01  -0.4916488E+00
 0.5320000E+02   0.2704540E+01  -0.1723015E+03  -0.2680163E+01  -0.3623014E+00
 0.5340000E+02   0.2748996E+01  -0.1752627E+03  -0.2739605E+01  -0.2270311E+00
 0.5360000E+02   0.2790663E+01  -0.1782336E+03  -0.2789337E+01  -0.8602288E-01
 0.5380000E+02   0.2829788E+01   0.1787679E+03  -0.2829134E+01   0.6084944E-01
 0.5400000E+02   0.2866140E+01   0.1757255E+03  -0.2858168E+01   0.2136298E+00
 0.5420000E+02   0.2899132E+01   0.1726283E+03  -0.2875170E+01   0.3719732E+00
 0.5440000E+02   0.2927982E+01   0.1694723E+03  -0.2878694E+01   0.5349754E+00
 0.5460000E+02   0.2951879E+01   0.1662595E+03  -0.2867401E+01   0.7011424E+00
 0.5480000E+02   0.2970124E+01   0.1629980E+03  -0.2840313E+01   0.8684818E+00
 0.5500000E+02   0.2982251E+01   0.1596991E+03  -0.2797004E+01   0.1034692E+01
 0.5520000E+02   0.2988098E+01   0.1563762E+03  -0.2737684E+01   0.1197420E+01
 0.5540000E+02   0.2987832E+01   0.1530412E+03  -0.2663152E+01   0.1354534E+01
 0.5560000E+02   0.2981899E+01   0.1497022E+03  -0.2574617E+01   0.1504351E+01
 0.5580000E+02   0.2970890E+01   0.1463614E+03  -0.2473411E+01   0.1645730E+01
 0.5600000E+02   0.2955369E+01   0.1430141E+03  -0.2360699E+01   0.1778006E+01
 0.5620000E+02   0.2935677E+01   0.1396492E+03  -0.2237265E+01   0.1900750E+01
 0.5640000E+02   0.2911802E+01   0.1362526E+03  -0.2103472E+01   0.2013454E+01
 0.5660000E+02   0.2883322E+01   0.1328099E+03  -0.1959413E+01   0.2115241E+01
 0.5680000E+02   0.2849459E+01   0.1293107E+03  -0.1805206E+01   0.2204687E+01
 0.5700000E+02   0.2809228E+01   0.1257518E+03  -0.1641361E+01   0.2279846E+01
 0.5720000E+02   0.2761627E+01   0.1221381E+03  -0.1469082E+01   0.2338457E+01
 0.5740000E+02   0.2705831E+01   0.1184837E+03  -0.1290435E+01   0.2378297E+01
 0.5760000E+02   0.2641349E+01   0.1148098E+03  -0.1108330E+01   0.2397568E+01
 0.5780000E+02   0.2568108E+01   0.1111431E+03  -0.9263119E+00   0.2395229E+01
 0.5800000E+02   0.2486457E+01   0.1075137E+03  -0.7482579E+00   0.2371198E+01
 0.5820000E+02   0.2397138E+01   0.1039534E+03  -0.5780288E+00   0.2326403E+01
 0.5840000E+02   0.2301216E+01   0.1004947E+03  -0.4191559E+00   0.2262720E+01
 0.5860000E+02   0.2200019E+01   0.9716971E+02  -0.2745814E+00   0.2182816E+01
 0.5880000E+02   0.2095059E+01   0.9400869E+02  -0.1464610E+00   0.2089934E+01
 0.5900000E+02   0.1987951E+01   0.9103879E+02  -0.3604014E-01   0.1987624E+01
 0.5920000E+02   0.1880296E+01   0.8828185E+02   0.5637662E-01   0.1879451E+01
 0.5940000E+02   0.1773562E+01   0.8575298E+02   0.1313441E+00   0.1768692E+01
 0.5960000E+02   0.1668966E+01   0.8346003E+02   0.1900891E+00   0.1658106E+01
 0.5980000E+02   0.1567394E+01   0.8140469E+02   0.2342539E+00   0.1549790E+01
 0.6000000E+02   0.1469374E+01   0.7958516E+02   0.2656245E+00   0.1445166E+01
 0.6020000E+02   0.1375108E+01   0.7800005E+02   0.2858998E+00   0.1345059E+01
 0.6040000E+02   0.1284550E+01   0.7665313E+02   0.2965329E+00   0.1249854E+01
 0.6060000E+02   0.1197505E+01   0.7555808E+02   0.2986559E+00   0.1159665E+01
 0.6080000E+02   0.1113755E+01   0.7474328E+02   0.2930784E+00   0.1074503E+01
 0.6100000E+02   0.1033165E+01   0.7425598E+02   0.2803389E+00   0.9944041E+00
 0.6120000E+02   0.9557909E+00   0.7416594E+02   0.2607897E+00   0.9195243E+00
 0.6140000E+02   0.8819789E+00   0.7456770E+02   0.2346942E+00   0.8501797E+00
 0.6160000E+02   0.8124470E+00   0.7558006E+02   0.2023212E+00   0.7868522E+00
 0.6180000E+02   0.7483594E+00   0.7733925E+02   0.1640238E+00   0.7301630E+00
 0.6200000E+02   0.6913709E+00   0.7997968E+02   0.1202968E+00   0.6808248E+00
 0.6220000E+02   0.6436028E+00   0.8359386E+02   0.7181025E-01   0.6395841E+00
 0.6240000E+02   0.6074732E+00   0.8816780E+02   0.1942242E-01   0.6071626E+00
 0.6260000E+02   0.5852997E+00   0.9350906E+02  -0.3582404E-01   0.5842023E+00
 0.6280000E+02   0.5786925E+00   0.9921957E+02  -0.9271711E-01   0.5712167E+00
 0.6300000E+02   0.5879759E+00   0.1047701E+03  -0.1498990E+00   0.5685472E+00
 0.6320000E+02   0.6119981E+00   0.1096599E+03  -0.2058985E+00   0.5763224E+00
 0.6340000E+02   0.6484682E+00   0.1135578E+03  -0.2591761E+00   0.5944231E+00
 0.6360000E+02   0.6945720E+00   0.1163402E+03  -0.3081818E+00   0.6224583E+00
 0.6380000E+02   0.7475192E+00   0.1180421E+03  -0.3514234E+00   0.6597626E+00
 0.6400000E+02   0.8048583E+00   0.1187828E+03  -0.3875320E+00   0.7054189E+00
 0.6420000E+02   0.8645860E+00   0.1187088E+03  -0.4153116E+00   0.7583042E+00
 0.6440000E+02   0.9251346E+00   0.1179605E+03  -0.4337607E+00   0.8171448E+00
 0.6460000E+02   0.9852993E+00   0.1166580E+03  -0.4420683E+00   0.8805625E+00
 0.6480000E+02   0.1044146E+01   0.1148983E+03  -0.4395955E+00   0.9470990E+00
 0.6500000E+02   0.1100917E+01   0.1127571E+03  -0.4258618E+00   0.1015214E+01
 0.6520000E+02   0.1154954E+01   0.1102925E+03  -0.4005523E+00   0.1083271E+01
 0.6540000E+02   0.1205639E+01   0.1075503E+03  -0.3635531E+00   0.1149520E+01
 0.6560000E+02   0.1252370E+01   0.1045681E+03  -0.3150093E+00   0.1212106E+01
 0.6580000E+02   0.1294553E+01   0.1013781E+03  -0.2553919E+00   0.1269111E+01
 0.6600000E+02   0.1331620E+01   0.9800985E+02  -0.1855524E+00   0.1318629E+01
 0.6620000E+02   0.1363062E+01   0.9449178E+02  -0.1067497E+00   0.1358876E+01
 0.6640000E+02   0.1388458E+01   0.9085150E+02  -0.2063387E-01   0.1388304E+01
 0.6660000E+02   0.1407510E+01   0.8711608E+02   0.7081547E-01   0.1405728E+01
 0.6680000E+02   0.1420069E+01   0.8331164E+02   0.1653940E+00   0.1410404E+01
 0.6700000E+02   0.1426140E+01   0.7946274E+02   0.2608053E+00   0.1402090E+01
 0.6720000E+02   0.1425885E+01   0.7559172E+02   0.3548028E+00   0.1381037E+01
 0.6740000E+02   0.1419600E+01   0.7171804E+02   0.4453193E+00   0.1347944E+01
 0.6760000E+02   0.1407687E+01   0.6785779E+02   0.5305668E+00   0.1303872E+01
 0.6780000E+02   0.1390620E+01   0.6402346E+02   0.6090959E+00   0.1250131E+01
 0.6800000E+02   0.1368904E+01   0.6022394E+02   0.6798135E+00   0.1188172E+01
 0.6820000E+02   0.1343042E+01   0.5646477E+02   0.7419628E+00   0.1119487E+01
 0.6840000E+02   0.1313501E+01   0.5274874E+02   0.7950772E+00   0.1045532E+01
 0.6860000E+02   0.1280697E+01   0.4907659E+02   0.8389200E+00   0.9676764E+00
 0.6880000E+02   0.1244979E+01   0.4544803E+02   0.8734222E+00   0.8871897E+00
 0.6900000E+02   0.1206630E+01   0.4186283E+02   0.8986314E+00   0.8052441E+00
 0.6920000E+02   0.1165879E+01   0.3832189E+02   0.9146784E+00   0.7229369E+00
 0.6940000E+02   0.1122914E+01   0.3482826E+02   0.9217637E+00   0.6413170E+00
 0.6960000E+02   0.1077903E+01   0.3138799E+02   0.9201630E+00   0.5614052E+00
 0.6980000E+02   0.1031017E+01   0.2801078E+02   0.9102431E+00   0.4842045E+00
 0.7000000E+02   0.9824439E+00   0.2471049E+02   0.8924831E+00   0.4106943E+00
 0.7020000E+02   0.9324046E+00   0.2150555E+02   0.8674925E+00   0.3418114E+00
 0.7040000E+02   0.8811619E+00   0.1841931E+02   0.8360196E+00   0.2784197E+00
 0.7060000E+02   0.8290239E+00   0.1548040E+02   0.7989484E+00   0.2212738E+00
 0.7080000E+02   0.7763425E+00   0.1272313E+02   0.7572800E+00   0.1709817E+00
 0.7100000E+02   0.7235065E+00   0.1018809E+02   0.7120985E+00   0.1279739E+00
 0.7120000E+02   0.6709307E+00   0.7923116E+01   0.6645260E+00   0.9248387E-01
 0.7140000E+02   0.6190435E+00   0.5985161E+01   0.6156690E+00   0.6454821E-01
 0.7160000E+02   0.5682776E+00   0.4443343E+01   0.5665696E+00   0.4402632E-01
 0.7180000E+02   0.5190725E+00   0.3383955E+01   0.5181674E+00   0.3063920E-01
 0.7200000E+02   0.4718945E+00   0.2917550E+01   0.4712828E+00   0.2401888E-01
 0.7220000E+02   0.4272848E+00   0.3187368E+01   0.4266238E+00   0.2375762E-01
 0.7240000E+02   0.3859388E+00   0.4375633E+01   0.3848139E+00   0.2944520E-01
 0.7260000E+02   0.3488131E+00   0.6698310E+01   0.3464322E+00   0.4068607E-01
 0.7280000E+02   0.3172342E+00   0.1036816E+02   0.3120543E+00   0.5709342E-01
 0.7300000E+02   0.2929330E+00   0.1549591E+02   0.2822847E+00   0.7826281E-01
 0.7320000E+02   0.2778612E+00   0.2192075E+02   0.2577721E+00   0.1037322E+00
 0.7340000E+02   0.2736614E+00   0.2906295E+02   0.2392038E+00   0.1329366E+00
 0.7360000E+02   0.2809565E+00   0.3600614E+02   0.2272809E+00   0.1651664E+00
 0.7380000E+02   0.2989971E+00   0.4186280E+02   0.2226766E+00   0.1995355E+00
 0.7400000E+02   0.3259992E+00   0.4611636E+02   0.2259814E+00   0.2349636E+00
 0.7420000E+02   0.3598193E+00   0.4866595E+02   0.2376420E+00   0.2701781E+00
 0.7440000E+02   0.3984542E+00   0.4966556E+02   0.2578987E+00   0.3037335E+00
 0.7460000E+02   0.4402302E+00   0.4935939E+02   0.2867273E+00   0.3340511E+00
 0.7480000E+02   0.4838008E+00   0.4798976E+02   0.3237902E+00   0.3594762E+00
 0.7500000E+02   0.5280808E+00   0.4576320E+02   0.3684026E+00   0.3783502E+00
 0.7520000E+02   0.5721784E+00   0.4284523E+02   0.4195173E+00   0.3890929E+00
 0.7540000E+02   0.6153428E+00   0.3936568E+02   0.4757299E+00   0.3902920E+00
 0.7560000E+02   0.6569304E+00   0.3542620E+02   0.5353082E+00   0.3807922E+00
 0.7580000E+02   0.6963844E+00   0.3110718E+02   0.5962459E+00   0.3597805E+00
 0.7600000E+02   0.7332246E+00   0.2647335E+02   0.6563400E+00   0.3268579E+00
 0.7620000E+02   0.7670455E+00   0.2157777E+02   0.7132904E+00   0.2820916E+00
 0.7640000E+02   0.7975174E+00   0.1646488E+02   0.7648141E+00   0.2260385E+00
 0.7660000E+02   0.8243898E+00   0.1117244E+02   0.8087664E+00   0.1597358E+00
 0.7680000E+02   0.8474934E+00   0.5732850E+01   0.8432547E+00   0.8465633E-01
 0.7700000E+02   0.8667397E+00   0.1740534E+00   0.8667357E+00   0.2632982E-02
 0.7720000E+02   0.8821160E+00  -0.5479918E+01   0.8780845E+00  -0.8423931E-01
 0.7740000E+02   0.8936779E+00  -0.1120849E+02   0.8766322E+00  -0.1737128E+00
 0.7760000E+02   0.9015378E+00  -0.1699411E+02   0.8621719E+00  -0.2634955E+00
 0.7780000E+02   0.9058530E+00  -0.2282184E+02   0.8349386E+00  -0.3513505E+00
 0.7800000E+02   0.9068144E+00  -0.2867885E+02   0.7955695E+00  -0.4351799E+00
 0.7820000E+02   0.9046365E+00  -0.3455392E+02   0.7450521E+00  -0.5130932E+00
 0.7840000E+02   0.8995506E+00  -0.4043706E+02   0.6846650E+00  -0.5834597E+00
 0.7860000E+02   0.8917999E+00  -0.4631916E+02   0.6159132E+00  -0.6449481E+00
 0.7880000E+02   0.8816355E+00  -0.5219183E+02   0.5404599E+00  -0.6965517E+00
 0.7900000E+02   0.8693129E+00  -0.5804736E+02   0.4600561E+00  -0.7375997E+00
 0.7920000E+02   0.8550868E+00  -0.6387875E+02   0.3764710E+00  -0.7677520E+00
 0.7940000E+02   0.8392059E+00  -0.6967973E+02   0.2914289E+00  -0.7869789E+00
 0.7960000E+02   0.8219070E+00  -0.7544475E+02   0.2065563E+00  -0.7955285E+00
 0.7980000E+02   0.8034104E+00  -0.8116883E+02   0.1233423E+00  -0.7938860E+00
 0.8000000E+02   0.7839171E+00  -0.8684743E+02   0.4311155E-01  -0.7827307E+00
 0.8020000E+02   0.7636073E+00  -0.9247617E+02  -0.3299079E-01  -0.7628943E+00
 0.8040000E+02   0.7426421E+00  -0.9805076E+02  -0.1040073E+00  -0.7353229E+00
 0.8060000E+02   0.7211641E+00  -0.1035669E+03  -0.1691705E+00  -0.7010413E+00
 0.8080000E+02   0.6992996E+00  -0.1090201E+03  -0.2279015E+00  -0.6611209E+00
 0.8100000E+02   0.6771589E+00  -0.1144061E+03  -0.2798029E+00  -0.6166478E+00
 0.8120000E+02   0.6548368E+00  -0.1197205E+03  -0.3246482E+00  -0.5686956E+00
 0.8140000E+02   0.6324120E+00  -0.1249590E+03  -0.3623659E+00  -0.5183009E+00
 0.8160000E+02   0.6099476E+00  -0.1301170E+03  -0.3930204E+00  -0.4664451E+00
 0.8180000E+02   0.5874918E+00  -0.1351897E+03  -0.4167923E+00  -0.4140420E+00
 0.8200000E+02   0.5650799E+00  -0.1401712E+03  -0.4339594E+00  -0.3619316E+00
 0.8220000E+02   0.5427378E+00  -0.1450546E+03  -0.4448815E+00  -0.3108774E+00
 0.8240000E+02   0.5204862E+00  -0.1498317E+03  -0.4499878E+00  -0.2615661E+00
 0.8260000E+02   0.4983448E+00  -0.1544919E+03  -0.4497684E+00  -0.2146066E+00
 0.8280000E+02   0.4763376E+00  -0.1590226E+03  -0.4447669E+00  -0.1705284E+00
 0.8300000E+02   0.4544967E+00  -0.1634088E+03  -0.4355743E+00  -0.1297779E+00
 0.8320000E+02   0.4328662E+00  -0.1676324E+03  -0.4228208E+00  -0.9271283E-01
 0.8340000E+02   0.4115050E+00  -0.1716728E+03  -0.4071666E+00  -0.5959683E-01
 0.8360000E+02   0.3904899E+00  -0.1755064E+03  -0.3892895E+00  -0.3059388E-01
 0.8380000E+02   0.3699161E+00  -0.1791071E+03  -0.3698712E+00  -0.5764559E-02
 0.8400000E+02   0.3498995E+00   0.1775536E+03  -0.3495806E+00   0.1493534E-01
 0.8420000E+02   0.3305756E+00   0.1745054E+03  -0.3290567E+00   0.3165321E-01
 0.8440000E+02   0.3120986E+00   0.1717777E+03  -0.3088904E+00   0.4463430E-01
 0.8460000E+02   0.2946375E+00   0.1693973E+03  -0.2896071E+00   0.5421247E-01
 0.8480000E+02   0.2783704E+00   0.1673848E+03  -0.2716502E+00   0.6079661E-01
 0.8500000E+02   0.2634743E+00   0.1657505E+03  -0.2553679E+00   0.6485305E-01
 0.8520000E+02   0.2501126E+00   0.1644894E+03  -0.2410037E+00   0.6688448E-01
 0.8540000E+02   0.2384196E+00   0.1635772E+03  -0.2286924E+00   0.6740674E-01
 0.8560000E+02   0.2284831E+00   0.1629678E+03  -0.2184619E+00   0.6692476E-01
 0.8580000E+02   0.2203301E+00   0.1625940E+03  -0.2102410E+00   0.6590969E-01
 0.8600000E+02   0.2139167E+00   0.1623728E+03  -0.2038727E+00   0.6477882E-01
 0.8620000E+02   0.2091277E+00   0.1622143E+03  -0.1991325E+00   0.6387980E-01
 0.8640000E+02   0.2057854E+00   0.1620324E+03  -0.1957495E+00   0.6348052E-01
 0.8660000E+02   0.2036683E+00   0.1617548E+03  -0.1934290E+00   0.6376520E-01
 0.8680000E+02   0.2025333E+00   0.1613292E+03  -0.1918747E+00   0.6483699E-01
 0.8700000E+02   0.2021393E+00   0.1607251E+03  -0.1908084E+00   0.6672647E-01
 0.8720000E+02   0.2022657E+00   0.1599319E+03  -0.1899852E+00   0.6940488E-01
 0.8740000E+02   0.2027258E+00   0.1589546E+03  -0.1892032E+00   0.7280038E-01
 0.8760000E+02   0.2033731E+00   0.1578083E+03  -0.1883083E+00   0.7681528E-01
 0.8780000E+02   0.2041012E+00   0.1565132E+03  -0.1871918E+00   0.8134207E-01
 0.8800000E+02   0.2048403E+00   0.1550903E+03  -0.1857845E+00   0.8627668E-01
 0.8820000E+02   0.2055503E+00   0.1535587E+03  -0.1840479E+00   0.9152770E-01
 0.8840000E+02   0.2062133E+00   0.1519339E+03  -0.1819637E+00   0.9702131E-01
 0.8860000E+02   0.2068252E+00   0.1502270E+03  -0.1795242E+00   0.1027022E+00
 0.8880000E+02   0.2073893E+00   0.1484447E+03  -0.1767237E+00   0.1085314E+00
 0.8900000E+02   0.2079107E+00   0.1465898E+03  -0.1735533E+00   0.1144819E+00
 0.8920000E+02   0.2083926E+00   0.1446620E+03  -0.1699971E+00   0.1205339E+00
 0.8940000E+02   0.2088342E+00   0.1426589E+03  -0.1660314E+00   0.1266701E+00
 0.8960000E+02   0.2092298E+00   0.1405764E+03  -0.1616242E+00   0.1328710E+00
 0.8980000E+02   0.2095680E+00   0.1384093E+03  -0.1567372E+00   0.1391122E+00
 0.9000000E+02   0.2098323E+00   0.1361518E+03  -0.1513264E+00   0.1453613E+00
 0.9020000E+02   0.2100002E+00   0.1337978E+03  -0.1453443E+00   0.1515754E+00
 0.9040000E+02   0.2100434E+00   0.1313409E+03  -0.1387415E+00   0.1576991E+00
 0.9060000E+02   0.2099270E+00   0.1287750E+03  -0.1314698E+00   0.1636614E+00
 0.9080000E+02   0.2096095E+00   0.1260949E+03  -0.1234860E+00   0.1693734E+00
 0.9100000E+02   0.2090428E+00   0.1232962E+03  -0.1147578E+00   0.1747270E+00
 0.9120000E+02   0.2081734E+00   0.1203769E+03  -0.1052705E+00   0.1795947E+00
 0.9140000E+02   0.2069449E+00   0.1173374E+03  -0.9503513E-01   0.1838328E+00
 0.9160000E+02   0.2053012E+00   0.1141811E+03  -0.8409582E-01   0.1872871E+00
 0.9180000E+02   0.2031904E+00   0.1109150E+03  -0.7253553E-01   0.1898024E+00
 0.9200000E+02   0.2005695E+00   0.1075498E+03  -0.6047864E-01   0.1912340E+00
 0.9220000E+02   0.1974080E+00   0.1040993E+03  -0.4808922E-01   0.1914611E+00
 0.9240000E+02   0.1936916E+00   0.1005804E+03  -0.3556470E-01   0.1903985E+00
 0.9260000E+02   0.1894239E+00   0.9701227E+02  -0.2312523E-01   0.1880070E+00
 0.9280000E+02   0.1846272E+00   0.9341567E+02  -0.1099999E-01   0.1842992E+00
 0.9300000E+02   0.1793411E+00   0.8981223E+02   0.5877272E-03   0.1793402E+00
 0.9320000E+02   0.1736205E+00   0.8622374E+02   0.1143472E-01   0.1732436E+00
 0.9340000E+02   0.1675318E+00   0.8267164E+02   0.2136963E-01   0.1661633E+00
 0.9360000E+02   0.1611494E+00   0.7917663E+02   0.3026095E-01   0.1582827E+00
 0.9380000E+02   0.1545514E+00   0.7575864E+02   0.3802075E-01   0.1498017E+00
 0.9400000E+02   0.1478162E+00   0.7243695E+02   0.4460430E-01   0.1409258E+00
 0.9420000E+02   0.1410196E+00   0.6923067E+02   0.5000647E-01   0.1318555E+00
 0.9440000E+02   0.1342333E+00   0.6615949E+02   0.5425604E-01   0.1227797E+00
 0.9460000E+02   0.1275243E+00   0.6324454E+02   0.5740933E-01   0.1138710E+00
 0.9480000E+02   0.1209556E+00   0.6050937E+02   0.5954419E-01   0.1052842E+00
 0.9500000E+02   0.1145884E+00   0.5798065E+02   0.6075541E-01   0.9715597E-01
 0.9520000E+02   0.1084842E+00   0.5568843E+02   0.6115174E-01   0.8960624E-01
 0.9540000E+02   0.1027078E+00   0.5366530E+02   0.6085450E-01   0.8273829E-01
 0.9560000E+02   0.9733007E-01   0.5194416E+02   0.5999709E-01   0.7663871E-01
 0.9580000E+02   0.9242882E-01   0.5055396E+02   0.5872476E-01   0.7137570E-01
 0.9600000E+02   0.8808873E-01   0.4951323E+02   0.5719359E-01   0.6699640E-01
 0.9620000E+02   0.8439826E-01   0.4882177E+02   0.5556812E-01   0.6352362E-01
 0.9640000E+02   0.8144395E-01   0.4845206E+02   0.5401741E-01   0.6095274E-01
 0.9660000E+02   0.7930223E-01   0.4834319E+02   0.5270960E-01   0.5924982E-01
 0.9680000E+02   0.7803022E-01   0.4840061E+02   0.5180569E-01   0.5835140E-01
 0.9700000E+02   0.7765798E-01   0.4850433E+02   0.5145334E-01   0.5816628E-01
 0.9720000E+02   0.7818468E-01   0.4852456E+02   0.5178163E-01   0.5857907E-01
 0.9740000E+02   0.7958005E-01   0.4834037E+02   0.5289719E-01   0.5945479E-01
 0.9760000E+02   0.8179079E-01   0.4785524E+02   0.5488211E-01   0.6064393E-01
 0.9780000E+02   0.8474927E-01   0.4700521E+02   0.5779323E-01   0.6198695E-01
 0.9800000E+02   0.8838215E-01   0.4575899E+02   0.6166229E-01   0.6331798E-01
 0.9820000E+02   0.9261645E-01   0.4411251E+02   0.6649624E-01   0.6446750E-01
 0.9840000E+02   0.9738277E-01   0.4208117E+02   0.7227711E-01   0.6526425E-01
 0.9860000E+02   0.1026156E+00   0.3969249E+02   0.7896095E-01   0.6553716E-01
 0.9880000E+02   0.1082516E+00   0.3698035E+02   0.8647591E-01   0.6511779E-01
 0.9900000E+02   0.1142275E+00   0.3398120E+02   0.9471986E-01   0.6384415E-01
 0.9920000E+02   0.1204770E+00   0.3073188E+02   0.1035582E+00   0.6156632E-01
 0.9940000E+02   0.1269285E+00   0.2726856E+02   0.1128228E+00   0.5815381E-01
 0.9960000E+02   0.1335037E+00   0.2362649E+02   0.1223131E+00   0.5350463E-01
 0.9980000E+02   0.1401165E+00   0.1984011E+02   0.1317997E+00   0.4755505E-01
 0.1000000E+03   0.1466739E+00   0.1594328E+02   0.1410319E+00   0.4028921E-01
