  Freq              AMPL              PHASE          REAL          IMAG
 0.2099800E+00   0.1000035E+01  -0.1695356E-03   0.1000035E+01  -0.2959059E-05
 0.2099800E+00   0.1000035E+01  -0.1695356E-03   0.1000035E+01  -0.2959059E-05
 0.4000000E+00   0.1000130E+01  -0.6265950E-03   0.1000130E+01  -0.1093757E-04
 0.6000000E+00   0.1000291E+01  -0.1414006E-02   0.1000291E+01  -0.2468625E-04
 0.8000000E+00   0.1000519E+01  -0.2541763E-02   0.1000519E+01  -0.4438517E-04
 0.1000000E+01   0.1000816E+01  -0.4042859E-02   0.1000816E+01  -0.7061881E-04
 0.1200000E+01   0.1001187E+01  -0.5978271E-02   0.1001187E+01  -0.1044643E-03
 0.1400000E+01   0.1001638E+01  -0.8466597E-02   0.1001638E+01  -0.1480120E-03
 0.1600000E+01   0.1002184E+01  -0.1175549E-01   0.1002184E+01  -0.2056200E-03
 0.1800000E+01   0.1002850E+01  -0.1641701E-01   0.1002850E+01  -0.2873475E-03
 0.2000000E+01   0.1003693E+01  -0.2398811E-01   0.1003693E+01  -0.4202179E-03
 0.2200000E+01   0.1004850E+01  -0.3974797E-01   0.1004850E+01  -0.6970974E-03
 0.2400000E+01   0.1006682E+01  -0.9211476E-01   0.1006680E+01  -0.1618447E-02
 0.2600000E+01   0.1008149E+01  -0.3069098E+00   0.1008135E+01  -0.5400212E-02
 0.2800000E+01   0.1000160E+01  -0.4243195E+00   0.1000132E+01  -0.7406887E-02
 0.3000000E+01   0.1001320E+01  -0.1342676E+00   0.1001317E+01  -0.2346502E-02
 0.3200000E+01   0.1003303E+01  -0.6996870E-01   0.1003302E+01  -0.1225218E-02
 0.3400000E+01   0.1004759E+01  -0.5642069E-01   0.1004758E+01  -0.9894128E-03
 0.3600000E+01   0.1006011E+01  -0.5858185E-01   0.1006011E+01  -0.1028592E-02
 0.3800000E+01   0.1007143E+01  -0.8248497E-01   0.1007142E+01  -0.1449918E-02
 0.4000000E+01   0.1007390E+01  -0.1326923E+00   0.1007388E+01  -0.2333031E-02
 0.4200000E+01   0.1007222E+01  -0.8913740E-01   0.1007221E+01  -0.1566976E-02
 0.4400000E+01   0.1008129E+01  -0.5883298E-01   0.1008128E+01  -0.1035176E-02
 0.4600000E+01   0.1009007E+01  -0.4828894E-01   0.1009007E+01  -0.8503920E-03
 0.4800000E+01   0.1009762E+01  -0.4286847E-01   0.1009761E+01  -0.7554995E-03
 0.5000000E+01   0.1010411E+01  -0.3837364E-01   0.1010411E+01  -0.6767190E-03
 0.5200000E+01   0.1010960E+01  -0.3350547E-01   0.1010960E+01  -0.5911901E-03
 0.5400000E+01   0.1011405E+01  -0.2773147E-01   0.1011405E+01  -0.4895254E-03
 0.5600000E+01   0.1011736E+01  -0.2086116E-01   0.1011736E+01  -0.3683691E-03
 0.5800000E+01   0.1011945E+01  -0.1304936E-01   0.1011945E+01  -0.2304748E-03
 0.6000000E+01   0.1012025E+01  -0.5075860E-02   0.1012025E+01  -0.8965576E-04
 0.6200000E+01   0.1011976E+01   0.8795564E-03   0.1011976E+01   0.1553500E-04
 0.6400000E+01   0.1011808E+01  -0.8208382E-03   0.1011808E+01  -0.1449549E-04
 0.6600000E+01   0.1011504E+01  -0.2487320E-01   0.1011504E+01  -0.4391135E-03
 0.6800000E+01   0.1010737E+01  -0.1057904E+00   0.1010735E+01  -0.1866214E-02
 0.7000000E+01   0.1007988E+01  -0.2621183E+00   0.1007978E+01  -0.4611356E-02
 0.7200000E+01   0.1001795E+01  -0.4326497E+00   0.1001766E+01  -0.7564644E-02
 0.7400000E+01   0.9903694E+00  -0.3772241E+00   0.9903479E+00  -0.6520349E-02
 0.7600000E+01   0.9817360E+00   0.4963063E-01   0.9817356E+00   0.8503971E-03
 0.7800000E+01   0.9761648E+00   0.4325265E+00   0.9761370E+00   0.7369010E-02
 0.8000000E+01   0.9699092E+00   0.7501382E+00   0.9698260E+00   0.1269806E-01
 0.8200000E+01   0.9617713E+00   0.1075930E+01   0.9616017E+00   0.1805958E-01
 0.8400000E+01   0.9512989E+00   0.1463553E+01   0.9509885E+00   0.2429716E-01
 0.8600000E+01   0.9380596E+00   0.1962329E+01   0.9375095E+00   0.3212143E-01
 0.8800000E+01   0.9215114E+00   0.2635983E+01   0.9205363E+00   0.4238063E-01
 0.9000000E+01   0.9010229E+00   0.3582900E+01   0.8992618E+00   0.5630731E-01
 0.9200000E+01   0.8760812E+00   0.4967725E+01   0.8727903E+00   0.7586387E-01
 0.9400000E+01   0.8470847E+00   0.7062189E+01   0.8406581E+00   0.1041462E+00
 0.9600000E+01   0.8168971E+00   0.1019648E+02   0.8039954E+00   0.1446107E+00
 0.9800000E+01   0.7878641E+00   0.1457034E+02   0.7625260E+00   0.1982018E+00
 0.1000000E+02   0.7585189E+00   0.2112146E+02   0.7075606E+00   0.2733294E+00
 0.1020000E+02   0.7538190E+00   0.3202470E+02   0.6391025E+00   0.3997388E+00
 0.1040000E+02   0.8583527E+00   0.4647941E+02   0.5910747E+00   0.6224147E+00
 0.1060000E+02   0.1174530E+01   0.5503473E+02   0.6730994E+00   0.9625269E+00
 0.1080000E+02   0.1644631E+01   0.5098816E+02   0.1035264E+01   0.1277904E+01
 0.1100000E+02   0.2015469E+01   0.3904213E+02   0.1565381E+01   0.1269527E+01
 0.1120000E+02   0.2140291E+01   0.2707768E+02   0.1905694E+01   0.9742561E+00
 0.1140000E+02   0.2113805E+01   0.1842819E+02   0.2005411E+01   0.6682073E+00
 0.1160000E+02   0.2043733E+01   0.1275813E+02   0.1993275E+01   0.4513292E+00
 0.1180000E+02   0.1974308E+01   0.9044865E+01   0.1949759E+01   0.3103767E+00
 0.1200000E+02   0.1916914E+01   0.6538885E+01   0.1904444E+01   0.2182933E+00
 0.1220000E+02   0.1872471E+01   0.4782047E+01   0.1865953E+01   0.1560997E+00
 0.1240000E+02   0.1839199E+01   0.3500770E+01   0.1835767E+01   0.1123051E+00
 0.1260000E+02   0.1814994E+01   0.2530473E+01   0.1813225E+01   0.8013332E-01
 0.1280000E+02   0.1798072E+01   0.1769570E+01   0.1797215E+01   0.5552430E-01
 0.1300000E+02   0.1787048E+01   0.1153094E+01   0.1786686E+01   0.3596241E-01
 0.1320000E+02   0.1780879E+01   0.6378123E+00   0.1780768E+01   0.1982420E-01
 0.1340000E+02   0.1778787E+01   0.1936233E+00   0.1778777E+01   0.6011159E-02
 0.1360000E+02   0.1780190E+01  -0.2016561E+00   0.1780179E+01  -0.6265479E-02
 0.1380000E+02   0.1784639E+01  -0.5656979E+00   0.1784552E+01  -0.1761997E-01
 0.1400000E+02   0.1791761E+01  -0.9141009E+00   0.1791533E+01  -0.2858466E-01
 0.1420000E+02   0.1801176E+01  -0.1262075E+01   0.1800739E+01  -0.3967196E-01
 0.1440000E+02   0.1812374E+01  -0.1624479E+01   0.1811646E+01  -0.5137847E-01
 0.1460000E+02   0.1824569E+01  -0.2011902E+01   0.1823444E+01  -0.6405532E-01
 0.1480000E+02   0.1836652E+01  -0.2422941E+01   0.1835010E+01  -0.7764572E-01
 0.1500000E+02   0.1847190E+01  -0.2830558E+01   0.1844936E+01  -0.9121879E-01
 0.1520000E+02   0.1855441E+01  -0.3150281E+01   0.1852637E+01  -0.1019659E+00
 0.1540000E+02   0.1864278E+01  -0.3289452E+01   0.1861206E+01  -0.1069727E+00
 0.1560000E+02   0.1878242E+01  -0.3292673E+01   0.1875141E+01  -0.1078794E+00
 0.1580000E+02   0.1898229E+01  -0.3281570E+01   0.1895116E+01  -0.1086601E+00
 0.1600000E+02   0.1922564E+01  -0.3318628E+01   0.1919340E+01  -0.1112946E+00
 0.1620000E+02   0.1949761E+01  -0.3409644E+01   0.1946310E+01  -0.1159609E+00
 0.1640000E+02   0.1979095E+01  -0.3543777E+01   0.1975311E+01  -0.1223301E+00
 0.1660000E+02   0.2010299E+01  -0.3710911E+01   0.2006084E+01  -0.1301112E+00
 0.1680000E+02   0.2043287E+01  -0.3904017E+01   0.2038546E+01  -0.1391177E+00
 0.1700000E+02   0.2078052E+01  -0.4117146E+01   0.2072689E+01  -0.1491957E+00
 0.1720000E+02   0.2114695E+01  -0.4344389E+01   0.2108619E+01  -0.1601908E+00
 0.1740000E+02   0.2153476E+01  -0.4581771E+01   0.2146594E+01  -0.1720235E+00
 0.1760000E+02   0.2194724E+01  -0.4830332E+01   0.2186929E+01  -0.1848075E+00
 0.1780000E+02   0.2238671E+01  -0.5094099E+01   0.2229829E+01  -0.1987755E+00
 0.1800000E+02   0.2285472E+01  -0.5376053E+01   0.2275419E+01  -0.2141309E+00
 0.1820000E+02   0.2335293E+01  -0.5677677E+01   0.2323837E+01  -0.2310353E+00
 0.1840000E+02   0.2388354E+01  -0.6000044E+01   0.2375271E+01  -0.2496529E+00
 0.1860000E+02   0.2444925E+01  -0.6344462E+01   0.2429951E+01  -0.2701779E+00
 0.1880000E+02   0.2505322E+01  -0.6712642E+01   0.2488148E+01  -0.2928468E+00
 0.1900000E+02   0.2569911E+01  -0.7106742E+01   0.2550168E+01  -0.3179449E+00
 0.1920000E+02   0.2639117E+01  -0.7529425E+01   0.2616362E+01  -0.3458176E+00
 0.1940000E+02   0.2713437E+01  -0.7984066E+01   0.2687135E+01  -0.3768902E+00
 0.1960000E+02   0.2793456E+01  -0.8475252E+01   0.2762950E+01  -0.4117057E+00
 0.1980000E+02   0.2879837E+01  -0.9009657E+01   0.2844305E+01  -0.4509851E+00
 0.2000000E+02   0.2973249E+01  -0.9596550E+01   0.2931642E+01  -0.4956685E+00
 0.2020000E+02   0.3074256E+01  -0.1024598E+02   0.3025231E+01  -0.5468317E+00
 0.2040000E+02   0.3183349E+01  -0.1096483E+02   0.3125235E+01  -0.6054933E+00
 0.2060000E+02   0.3301249E+01  -0.1175593E+02   0.3232003E+01  -0.6726064E+00
 0.2080000E+02   0.3429190E+01  -0.1262353E+02   0.3346296E+01  -0.7494289E+00
 0.2100000E+02   0.3568824E+01  -0.1358086E+02   0.3469038E+01  -0.8380220E+00
 0.2120000E+02   0.3721773E+01  -0.1465118E+02   0.3600755E+01  -0.9413618E+00
 0.2140000E+02   0.3889314E+01  -0.1586312E+02   0.3741198E+01  -0.1063106E+01
 0.2160000E+02   0.4072244E+01  -0.1724747E+02   0.3889127E+01  -0.1207418E+01
 0.2180000E+02   0.4270587E+01  -0.1883513E+02   0.4041904E+01  -0.1378742E+01
 0.2200000E+02   0.4483070E+01  -0.2065118E+02   0.4195010E+01  -0.1581078E+01
 0.2220000E+02   0.4706806E+01  -0.2270128E+02   0.4342168E+01  -0.1816482E+01
 0.2240000E+02   0.4938269E+01  -0.2495475E+02   0.4477239E+01  -0.2083468E+01
 0.2260000E+02   0.5176427E+01  -0.2734419E+02   0.4598029E+01  -0.2377713E+01
 0.2280000E+02   0.5426356E+01  -0.2980238E+02   0.4708692E+01  -0.2696953E+01
 0.2300000E+02   0.5699710E+01  -0.3231549E+02   0.4816924E+01  -0.3046956E+01
 0.2320000E+02   0.6011917E+01  -0.3495348E+02   0.4927473E+01  -0.3444294E+01
 0.2340000E+02   0.6377470E+01  -0.3787375E+02   0.5034154E+01  -0.3915280E+01
 0.2360000E+02   0.6803577E+01  -0.4128969E+02   0.5112091E+01  -0.4489452E+01
 0.2380000E+02   0.7285497E+01  -0.4541115E+02   0.5114524E+01  -0.5188459E+01
 0.2400000E+02   0.7804822E+01  -0.5040239E+02   0.4974730E+01  -0.6013926E+01
 0.2420000E+02   0.8327695E+01  -0.5636576E+02   0.4612620E+01  -0.6933559E+01
 0.2440000E+02   0.8802684E+01  -0.6332213E+02   0.3952175E+01  -0.7865593E+01
 0.2460000E+02   0.9163454E+01  -0.7117432E+02   0.2956955E+01  -0.8673252E+01
 0.2480000E+02   0.9342903E+01  -0.7967379E+02   0.1674737E+01  -0.9191577E+01
 0.2500000E+02   0.9298109E+01  -0.8843256E+02   0.2543364E+00  -0.9294630E+01
 0.2520000E+02   0.9031376E+01  -0.9700473E+02  -0.1101387E+01  -0.8963967E+01
 0.2540000E+02   0.8589296E+01  -0.1050042E+03  -0.2223682E+01  -0.8296459E+01
 0.2560000E+02   0.8040109E+01  -0.1121876E+03  -0.3036265E+01  -0.7444759E+01
 0.2580000E+02   0.7448114E+01  -0.1184629E+03  -0.3549690E+01  -0.6547832E+01
 0.2600000E+02   0.6860299E+01  -0.1238468E+03  -0.3821010E+01  -0.5697682E+01
 0.2620000E+02   0.6305328E+01  -0.1284153E+03  -0.3917859E+01  -0.4940399E+01
 0.2640000E+02   0.5797815E+01  -0.1322715E+03  -0.3899866E+01  -0.4290187E+01
 0.2660000E+02   0.5342892E+01  -0.1355293E+03  -0.3812733E+01  -0.3742935E+01
 0.2680000E+02   0.4939594E+01  -0.1383034E+03  -0.3688285E+01  -0.3285748E+01
 0.2700000E+02   0.4583260E+01  -0.1406985E+03  -0.3546637E+01  -0.2903039E+01
 0.2720000E+02   0.4267654E+01  -0.1427972E+03  -0.3399187E+01  -0.2580388E+01
 0.2740000E+02   0.3986911E+01  -0.1446566E+03  -0.3252121E+01  -0.2306333E+01
 0.2760000E+02   0.3736419E+01  -0.1463214E+03  -0.3109303E+01  -0.2071971E+01
 0.2780000E+02   0.3512261E+01  -0.1478378E+03  -0.2973285E+01  -0.1869639E+01
 0.2800000E+02   0.3310339E+01  -0.1492526E+03  -0.2845004E+01  -0.1692423E+01
 0.2820000E+02   0.3126357E+01  -0.1505998E+03  -0.2723720E+01  -0.1534750E+01
 0.2840000E+02   0.2956507E+01  -0.1518920E+03  -0.2607819E+01  -0.1392915E+01
 0.2860000E+02   0.2798004E+01  -0.1531244E+03  -0.2495791E+01  -0.1264853E+01
 0.2880000E+02   0.2649078E+01  -0.1542843E+03  -0.2386709E+01  -0.1149450E+01
 0.2900000E+02   0.2508615E+01  -0.1553580E+03  -0.2280156E+01  -0.1045961E+01
 0.2920000E+02   0.2375829E+01  -0.1563303E+03  -0.2175964E+01  -0.9538072E+00
 0.2940000E+02   0.2250220E+01  -0.1571817E+03  -0.2074117E+01  -0.8726570E+00
 0.2960000E+02   0.2131749E+01  -0.1578869E+03  -0.1974943E+01  -0.8024662E+00
 0.2980000E+02   0.2020978E+01  -0.1584233E+03  -0.1879360E+01  -0.7432059E+00
 0.3000000E+02   0.1918840E+01  -0.1587855E+03  -0.1788805E+01  -0.6943516E+00
 0.3020000E+02   0.1826068E+01  -0.1589943E+03  -0.1704717E+01  -0.6545726E+00
 0.3040000E+02   0.1742724E+01  -0.1590916E+03  -0.1627969E+01  -0.6219337E+00
 0.3060000E+02   0.1668168E+01  -0.1591259E+03  -0.1558679E+01  -0.5943938E+00
 0.3080000E+02   0.1601335E+01  -0.1591411E+03  -0.1496384E+01  -0.5701831E+00
 0.3100000E+02   0.1541005E+01  -0.1591725E+03  -0.1440309E+01  -0.5479124E+00
 0.3120000E+02   0.1485944E+01  -0.1592472E+03  -0.1389533E+01  -0.5265236E+00
 0.3140000E+02   0.1434916E+01  -0.1593837E+03  -0.1343023E+01  -0.5052461E+00
 0.3160000E+02   0.1386729E+01  -0.1595881E+03  -0.1299656E+01  -0.4836453E+00
 0.3180000E+02   0.1340372E+01  -0.1598516E+03  -0.1258345E+01  -0.4616958E+00
 0.3200000E+02   0.1295180E+01  -0.1601526E+03  -0.1218246E+01  -0.4397345E+00
 0.3220000E+02   0.1250884E+01  -0.1604651E+03  -0.1178881E+01  -0.4182716E+00
 0.3240000E+02   0.1207507E+01  -0.1607664E+03  -0.1140108E+01  -0.3977778E+00
 0.3260000E+02   0.1165207E+01  -0.1610410E+03  -0.1101996E+01  -0.3785659E+00
 0.3280000E+02   0.1124151E+01  -0.1612805E+03  -0.1064684E+01  -0.3607800E+00
 0.3300000E+02   0.1084462E+01  -0.1614814E+03  -0.1028309E+01  -0.3444394E+00
 0.3320000E+02   0.1046205E+01  -0.1616429E+03  -0.9929658E+00  -0.3294908E+00
 0.3340000E+02   0.1009399E+01  -0.1617656E+03  -0.9587115E+00  -0.3158456E+00
 0.3360000E+02   0.9740254E+00  -0.1618506E+03  -0.9255653E+00  -0.3034046E+00
 0.3380000E+02   0.9400433E+00  -0.1618985E+03  -0.8935180E+00  -0.2920734E+00
 0.3400000E+02   0.9074021E+00  -0.1619088E+03  -0.8625433E+00  -0.2817760E+00
 0.3420000E+02   0.8760621E+00  -0.1618801E+03  -0.8326163E+00  -0.2724609E+00
 0.3440000E+02   0.8460107E+00  -0.1618105E+03  -0.8037351E+00  -0.2640910E+00
 0.3460000E+02   0.8172615E+00  -0.1616996E+03  -0.7759273E+00  -0.2566188E+00
 0.3480000E+02   0.7898322E+00  -0.1615502E+03  -0.7492358E+00  -0.2499612E+00
 0.3500000E+02   0.7637123E+00  -0.1613684E+03  -0.7236878E+00  -0.2439927E+00
 0.3520000E+02   0.7388394E+00  -0.1611624E+03  -0.6992653E+00  -0.2385617E+00
 0.3540000E+02   0.7151002E+00  -0.1609398E+03  -0.6758955E+00  -0.2335243E+00
 0.3560000E+02   0.6923539E+00  -0.1607051E+03  -0.6534647E+00  -0.2287746E+00
 0.3580000E+02   0.6704637E+00  -0.1604590E+03  -0.6318465E+00  -0.2242577E+00
 0.3600000E+02   0.6493204E+00  -0.1601986E+03  -0.6109276E+00  -0.2199648E+00
 0.3620000E+02   0.6288537E+00  -0.1599189E+03  -0.5906242E+00  -0.2159167E+00
 0.3640000E+02   0.6090305E+00  -0.1596147E+03  -0.5708877E+00  -0.2121446E+00
 0.3660000E+02   0.5898434E+00  -0.1592816E+03  -0.5516983E+00  -0.2086725E+00
 0.3680000E+02   0.5712948E+00  -0.1589169E+03  -0.5330520E+00  -0.2055074E+00
 0.3700000E+02   0.5533837E+00  -0.1585193E+03  -0.5149463E+00  -0.2026421E+00
 0.3720000E+02   0.5361033E+00  -0.1580880E+03  -0.4973744E+00  -0.2000639E+00
 0.3740000E+02   0.5194488E+00  -0.1576219E+03  -0.4803298E+00  -0.1977632E+00
 0.3760000E+02   0.5034241E+00  -0.1571199E+03  -0.4638151E+00  -0.1957329E+00
 0.3780000E+02   0.4880442E+00  -0.1565829E+03  -0.4478468E+00  -0.1939597E+00
 0.3800000E+02   0.4733276E+00  -0.1560142E+03  -0.4324540E+00  -0.1924125E+00
 0.3820000E+02   0.4592819E+00  -0.1554217E+03  -0.4176681E+00  -0.1910321E+00
 0.3840000E+02   0.4458835E+00  -0.1548173E+03  -0.4035049E+00  -0.1897258E+00
 0.3860000E+02   0.4330595E+00  -0.1542156E+03  -0.3899429E+00  -0.1883749E+00
 0.3880000E+02   0.4206814E+00  -0.1536294E+03  -0.3769051E+00  -0.1868567E+00
 0.3900000E+02   0.4085810E+00  -0.1530649E+03  -0.3642583E+00  -0.1850792E+00
 0.3920000E+02   0.3965874E+00  -0.1525184E+03  -0.3518360E+00  -0.1830109E+00
 0.3940000E+02   0.3845692E+00  -0.1519753E+03  -0.3394766E+00  -0.1806906E+00
 0.3960000E+02   0.3724599E+00  -0.1514144E+03  -0.3270584E+00  -0.1782111E+00
 0.3980000E+02   0.3602579E+00  -0.1508124E+03  -0.3145151E+00  -0.1756874E+00
 0.4000000E+02   0.3480067E+00  -0.1501475E+03  -0.3018294E+00  -0.1732271E+00
 0.4020000E+02   0.3357699E+00  -0.1494013E+03  -0.2890151E+00  -0.1709144E+00
 0.4040000E+02   0.3236137E+00  -0.1485581E+03  -0.2760972E+00  -0.1688081E+00
 0.4060000E+02   0.3115993E+00  -0.1476031E+03  -0.2631011E+00  -0.1669489E+00
 0.4080000E+02   0.2997838E+00  -0.1465214E+03  -0.2500474E+00  -0.1653682E+00
 0.4100000E+02   0.2882254E+00  -0.1452966E+03  -0.2369532E+00  -0.1640947E+00
 0.4120000E+02   0.2769886E+00  -0.1439109E+03  -0.2238350E+00  -0.1631581E+00
 0.4140000E+02   0.2661496E+00  -0.1423452E+03  -0.2107121E+00  -0.1625916E+00
 0.4160000E+02   0.2558006E+00  -0.1405804E+03  -0.1976102E+00  -0.1624321E+00
 0.4180000E+02   0.2460546E+00  -0.1385996E+03  -0.1845672E+00  -0.1627201E+00
 0.4200000E+02   0.2370454E+00  -0.1363919E+03  -0.1716385E+00  -0.1634953E+00
 0.4220000E+02   0.2289225E+00  -0.1339580E+03  -0.1589021E+00  -0.1647897E+00
 0.4240000E+02   0.2218379E+00  -0.1313162E+03  -0.1464606E+00  -0.1666173E+00
 0.4260000E+02   0.2159214E+00  -0.1285093E+03  -0.1344416E+00  -0.1689601E+00
 0.4280000E+02   0.2112442E+00  -0.1256070E+03  -0.1229912E+00  -0.1717477E+00
 0.4300000E+02   0.2077671E+00  -0.1227022E+03  -0.1122509E+00  -0.1748339E+00
 0.4320000E+02   0.2052953E+00  -0.1198918E+03  -0.1023118E+00  -0.1779845E+00
 0.4340000E+02   0.2034759E+00  -0.1172462E+03  -0.9315428E-01  -0.1808998E+00
 0.4360000E+02   0.2018671E+00  -0.1147784E+03  -0.8460437E-01  -0.1832824E+00
 0.4380000E+02   0.2000693E+00  -0.1124315E+03  -0.7634208E-01  -0.1849313E+00
 0.4400000E+02   0.1978596E+00  -0.1100929E+03  -0.6797337E-01  -0.1858173E+00
 0.4420000E+02   0.1952671E+00  -0.1076289E+03  -0.5913684E-01  -0.1860970E+00
 0.4440000E+02   0.1925550E+00  -0.1049250E+03  -0.4959336E-01  -0.1860589E+00
 0.4460000E+02   0.1901315E+00  -0.1019167E+03  -0.3926010E-01  -0.1860340E+00
 0.4480000E+02   0.1884361E+00  -0.9860287E+02  -0.2818718E-01  -0.1863160E+00
 0.4500000E+02   0.1878469E+00  -0.9504047E+02  -0.1650410E-01  -0.1871205E+00
 0.4520000E+02   0.1886323E+00  -0.9132670E+02  -0.4367459E-02  -0.1885817E+00
 0.4540000E+02   0.1909428E+00  -0.8757685E+02   0.8072947E-02  -0.1907720E+00
 0.4560000E+02   0.1948272E+00  -0.8390452E+02   0.2068784E-01  -0.1937257E+00
 0.4580000E+02   0.2002583E+00  -0.8040820E+02   0.3336858E-01  -0.1974587E+00
 0.4600000E+02   0.2071566E+00  -0.7716437E+02   0.4602086E-01  -0.2019801E+00
 0.4620000E+02   0.2154093E+00  -0.7422616E+02   0.5855705E-01  -0.2072975E+00
 0.4640000E+02   0.2248832E+00  -0.7162538E+02   0.7088963E-01  -0.2134177E+00
 0.4660000E+02   0.2354331E+00  -0.6937620E+02   0.8292670E-01  -0.2203450E+00
 0.4680000E+02   0.2469070E+00  -0.6747939E+02   0.9456926E-01  -0.2280783E+00
 0.4700000E+02   0.2591499E+00  -0.6592654E+02   0.1057092E+00  -0.2366099E+00
 0.4720000E+02   0.2720043E+00  -0.6470393E+02   0.1162263E+00  -0.2459223E+00
 0.4740000E+02   0.2853067E+00  -0.6379586E+02   0.1259831E+00  -0.2559847E+00
 0.4760000E+02   0.2988779E+00  -0.6318685E+02   0.1348185E+00  -0.2667432E+00
 0.4780000E+02   0.3125060E+00  -0.6286199E+02   0.1425451E+00  -0.2781024E+00
 0.4800000E+02   0.3259286E+00  -0.6280503E+02   0.1489558E+00  -0.2898993E+00
 0.4820000E+02   0.3388200E+00  -0.6299441E+02   0.1538505E+00  -0.3018758E+00
 0.4840000E+02   0.3507963E+00  -0.6339812E+02   0.1570825E+00  -0.3136608E+00
 0.4860000E+02   0.3614460E+00  -0.6396907E+02   0.1586228E+00  -0.3247799E+00
 0.4880000E+02   0.3703889E+00  -0.6464263E+02   0.1586238E+00  -0.3347034E+00
 0.4900000E+02   0.3773548E+00  -0.6533812E+02   0.1574560E+00  -0.3429348E+00
 0.4920000E+02   0.3822615E+00  -0.6596516E+02   0.1556921E+00  -0.3491187E+00
 0.4940000E+02   0.3852632E+00  -0.6643420E+02   0.1540290E+00  -0.3531328E+00
 0.4960000E+02   0.3867490E+00  -0.6666906E+02   0.1531686E+00  -0.3551256E+00
 0.4980000E+02   0.3872881E+00  -0.6661829E+02   0.1536972E+00  -0.3554845E+00
 0.5000000E+02   0.3875378E+00  -0.6626223E+02   0.1560039E+00  -0.3547511E+00
 0.5020000E+02   0.3881450E+00  -0.6561415E+02   0.1602571E+00  -0.3535169E+00
 0.5040000E+02   0.3896664E+00  -0.6471574E+02   0.1664302E+00  -0.3523363E+00
 0.5060000E+02   0.3925192E+00  -0.6362838E+02   0.1743537E+00  -0.3516705E+00
 0.5080000E+02   0.3969646E+00  -0.6242267E+02   0.1837729E+00  -0.3518642E+00
 0.5100000E+02   0.4031169E+00  -0.6116827E+02   0.1943987E+00  -0.3531465E+00
 0.5120000E+02   0.4109699E+00  -0.5992587E+02   0.2059453E+00  -0.3556442E+00
 0.5140000E+02   0.4204339E+00  -0.5874228E+02   0.2181583E+00  -0.3594045E+00
 0.5160000E+02   0.4313755E+00  -0.5764907E+02   0.2308305E+00  -0.3644202E+00
 0.5180000E+02   0.4436536E+00  -0.5666421E+02   0.2438076E+00  -0.3706567E+00
 0.5200000E+02   0.4571461E+00  -0.5579557E+02   0.2569834E+00  -0.3780767E+00
 0.5220000E+02   0.4717623E+00  -0.5504514E+02   0.2702872E+00  -0.3866581E+00
 0.5240000E+02   0.4874438E+00  -0.5441254E+02   0.2836654E+00  -0.3964030E+00
 0.5260000E+02   0.5041550E+00  -0.5389731E+02   0.2970655E+00  -0.4073382E+00
 0.5280000E+02   0.5218701E+00  -0.5349975E+02   0.3104221E+00  -0.4195075E+00
 0.5300000E+02   0.5405611E+00  -0.5322084E+02   0.3236514E+00  -0.4329620E+00
 0.5320000E+02   0.5601904E+00  -0.5306158E+02   0.3366499E+00  -0.4477500E+00
 0.5340000E+02   0.5807075E+00  -0.5302236E+02   0.3492975E+00  -0.4639100E+00
 0.5360000E+02   0.6020494E+00  -0.5310255E+02   0.3614613E+00  -0.4814658E+00
 0.5380000E+02   0.6241422E+00  -0.5330034E+02   0.3730001E+00  -0.5004242E+00
 0.5400000E+02   0.6469037E+00  -0.5361272E+02   0.3837692E+00  -0.5207740E+00
 0.5420000E+02   0.6702469E+00  -0.5403559E+02   0.3936243E+00  -0.5424857E+00
 0.5440000E+02   0.6940839E+00  -0.5456390E+02   0.4024261E+00  -0.5655136E+00
 0.5460000E+02   0.7183309E+00  -0.5519197E+02   0.4100439E+00  -0.5897994E+00
 0.5480000E+02   0.7429133E+00  -0.5591394E+02   0.4163564E+00  -0.6152784E+00
 0.5500000E+02   0.7677677E+00  -0.5672441E+02   0.4212486E+00  -0.6418854E+00
 0.5520000E+02   0.7928412E+00  -0.5761895E+02   0.4246041E+00  -0.6695585E+00
 0.5540000E+02   0.8180843E+00  -0.5859463E+02   0.4262952E+00  -0.6982365E+00
 0.5560000E+02   0.8434401E+00  -0.5964994E+02   0.4261750E+00  -0.7278503E+00
 0.5580000E+02   0.8688334E+00  -0.6078450E+02   0.4240740E+00  -0.7583091E+00
 0.5600000E+02   0.8941602E+00  -0.6199835E+02   0.4198055E+00  -0.7894845E+00
 0.5620000E+02   0.9192838E+00  -0.6329115E+02   0.4131785E+00  -0.8211981E+00
 0.5640000E+02   0.9440355E+00  -0.6466143E+02   0.4040155E+00  -0.8532142E+00
 0.5660000E+02   0.9682214E+00  -0.6610596E+02   0.3921747E+00  -0.8852410E+00
 0.5680000E+02   0.9916347E+00  -0.6761946E+02   0.3775713E+00  -0.9169402E+00
 0.5700000E+02   0.1014073E+01  -0.6919449E+02   0.3601954E+00  -0.9479465E+00
 0.5720000E+02   0.1035357E+01  -0.7082183E+02   0.3401217E+00  -0.9778960E+00
 0.5740000E+02   0.1055353E+01  -0.7249127E+02   0.3175042E+00  -0.1006460E+01
 0.5760000E+02   0.1073985E+01  -0.7419289E+02   0.2925530E+00  -0.1033371E+01
 0.5780000E+02   0.1091231E+01  -0.7591852E+02   0.2654980E+00  -0.1058440E+01
 0.5800000E+02   0.1107108E+01  -0.7766282E+02   0.2365494E+00  -0.1081541E+01
 0.5820000E+02   0.1121637E+01  -0.7942356E+02   0.2058733E+00  -0.1102581E+01
 0.5840000E+02   0.1134814E+01  -0.8120085E+02   0.1735939E+00  -0.1121458E+01
 0.5860000E+02   0.1146590E+01  -0.8299560E+02   0.1398215E+00  -0.1138033E+01
 0.5880000E+02   0.1156874E+01  -0.8480789E+02   0.1046919E+00  -0.1152127E+01
 0.5900000E+02   0.1165562E+01  -0.8663602E+02   0.6839372E-01  -0.1163554E+01
 0.5920000E+02   0.1172563E+01  -0.8847683E+02   0.3116820E-01  -0.1172149E+01
 0.5940000E+02   0.1177820E+01  -0.9032688E+02  -0.6719671E-02  -0.1177801E+01
 0.5960000E+02   0.1181301E+01  -0.9218412E+02  -0.4502039E-01  -0.1180443E+01
 0.5980000E+02   0.1182963E+01  -0.9404874E+02  -0.8352327E-01  -0.1180011E+01
 0.6000000E+02   0.1182712E+01  -0.9592281E+02  -0.1220422E+00  -0.1176398E+01
 0.6020000E+02   0.1180358E+01  -0.9780817E+02  -0.1603596E+00  -0.1169414E+01
 0.6040000E+02   0.1175614E+01  -0.9970328E+02  -0.1981449E+00  -0.1158795E+01
 0.6060000E+02   0.1168130E+01  -0.1015998E+03  -0.2348808E+00  -0.1144272E+01
 0.6080000E+02   0.1157569E+01  -0.1034799E+03  -0.2698347E+00  -0.1125680E+01
 0.6100000E+02   0.1143711E+01  -0.1053158E+03  -0.3020990E+00  -0.1103091E+01
 0.6120000E+02   0.1126544E+01  -0.1070710E+03  -0.3307047E+00  -0.1076910E+01
 0.6140000E+02   0.1106336E+01  -0.1087043E+03  -0.3547834E+00  -0.1047906E+01
 0.6160000E+02   0.1083642E+01  -0.1101747E+03  -0.3737308E+00  -0.1017156E+01
 0.6180000E+02   0.1059263E+01  -0.1114479E+03  -0.3873248E+00  -0.9859091E+00
 0.6200000E+02   0.1034142E+01  -0.1125009E+03  -0.3957648E+00  -0.9554161E+00
 0.6220000E+02   0.1009251E+01  -0.1133260E+03  -0.3996255E+00  -0.9267616E+00
 0.6240000E+02   0.9854660E+00  -0.1139314E+03  -0.3997477E+00  -0.9007470E+00
 0.6260000E+02   0.9634766E+00  -0.1143402E+03  -0.3971007E+00  -0.8778372E+00
 0.6280000E+02   0.9437335E+00  -0.1145862E+03  -0.3926514E+00  -0.8581712E+00
 0.6300000E+02   0.9264401E+00  -0.1147092E+03  -0.3872634E+00  -0.8416165E+00
 0.6320000E+02   0.9115774E+00  -0.1147496E+03  -0.3816354E+00  -0.8278453E+00
 0.6340000E+02   0.8989524E+00  -0.1147445E+03  -0.3762764E+00  -0.8164138E+00
 0.6360000E+02   0.8882548E+00  -0.1147239E+03  -0.3715087E+00  -0.8068320E+00
 0.6380000E+02   0.8791119E+00  -0.1147098E+03  -0.3674890E+00  -0.7986173E+00
 0.6400000E+02   0.8711346E+00  -0.1147159E+03  -0.3642385E+00  -0.7913317E+00
 0.6420000E+02   0.8639518E+00  -0.1147481E+03  -0.3616753E+00  -0.7846042E+00
 0.6440000E+02   0.8572329E+00  -0.1148056E+03  -0.3596445E+00  -0.7781415E+00
 0.6460000E+02   0.8507016E+00  -0.1148828E+03  -0.3579442E+00  -0.7717312E+00
 0.6480000E+02   0.8441424E+00  -0.1149698E+03  -0.3563472E+00  -0.7652405E+00
 0.6500000E+02   0.8374046E+00  -0.1150541E+03  -0.3546188E+00  -0.7586119E+00
 0.6520000E+02   0.8304030E+00  -0.1151211E+03  -0.3525327E+00  -0.7518576E+00
 0.6540000E+02   0.8231173E+00  -0.1151553E+03  -0.3498847E+00  -0.7450522E+00
 0.6560000E+02   0.8155893E+00  -0.1151413E+03  -0.3465045E+00  -0.7383228E+00
 0.6580000E+02   0.8079180E+00  -0.1150645E+03  -0.3422651E+00  -0.7318374E+00
 0.6600000E+02   0.8002513E+00  -0.1149122E+03  -0.3370890E+00  -0.7257914E+00
 0.6620000E+02   0.7927768E+00  -0.1146741E+03  -0.3309498E+00  -0.7203938E+00
 0.6640000E+02   0.7857101E+00  -0.1143432E+03  -0.3238713E+00  -0.7158546E+00
 0.6660000E+02   0.7792833E+00  -0.1139162E+03  -0.3159221E+00  -0.7123733E+00
 0.6680000E+02   0.7737339E+00  -0.1133938E+03  -0.3072099E+00  -0.7101311E+00
 0.6700000E+02   0.7692938E+00  -0.1127807E+03  -0.2978738E+00  -0.7092842E+00
 0.6720000E+02   0.7661793E+00  -0.1120855E+03  -0.2880761E+00  -0.7099598E+00
 0.6740000E+02   0.7645826E+00  -0.1113208E+03  -0.2779935E+00  -0.7122542E+00
 0.6760000E+02   0.7646650E+00  -0.1105014E+03  -0.2678088E+00  -0.7162339E+00
 0.6780000E+02   0.7665551E+00  -0.1096444E+03  -0.2577022E+00  -0.7219393E+00
 0.6800000E+02   0.7703514E+00  -0.1087677E+03  -0.2478468E+00  -0.7293924E+00
 0.6820000E+02   0.7761290E+00  -0.1078890E+03  -0.2384068E+00  -0.7386057E+00
 0.6840000E+02   0.7839487E+00  -0.1070258E+03  -0.2295423E+00  -0.7495904E+00
 0.6860000E+02   0.7938644E+00  -0.1061952E+03  -0.2214172E+00  -0.7623615E+00
 0.6880000E+02   0.8059268E+00  -0.1054141E+03  -0.2142099E+00  -0.7769376E+00
 0.6900000E+02   0.8201807E+00  -0.1046997E+03  -0.2081237E+00  -0.7933353E+00
 0.6920000E+02   0.8366575E+00  -0.1040697E+03  -0.2033933E+00  -0.8115584E+00
 0.6940000E+02   0.8553644E+00  -0.1035418E+03  -0.2002878E+00  -0.8315846E+00
 0.6960000E+02   0.8762717E+00  -0.1031336E+03  -0.1991081E+00  -0.8533511E+00
 0.6980000E+02   0.8993025E+00  -0.1028614E+03  -0.2001791E+00  -0.8767402E+00
 0.7000000E+02   0.9243238E+00  -0.1027400E+03  -0.2038378E+00  -0.9015679E+00
 0.7020000E+02   0.9511418E+00  -0.1027810E+03  -0.2104168E+00  -0.9275751E+00
 0.7040000E+02   0.9795023E+00  -0.1029931E+03  -0.2202248E+00  -0.9544243E+00
 0.7060000E+02   0.1009095E+01  -0.1033808E+03  -0.2335261E+00  -0.9817019E+00
 0.7080000E+02   0.1039565E+01  -0.1039448E+03  -0.2505209E+00  -0.1008927E+01
 0.7100000E+02   0.1070523E+01  -0.1046820E+03  -0.2713291E+00  -0.1035567E+01
 0.7120000E+02   0.1101561E+01  -0.1055864E+03  -0.2959796E+00  -0.1061053E+01
 0.7140000E+02   0.1132266E+01  -0.1066491E+03  -0.3244043E+00  -0.1084799E+01
 0.7160000E+02   0.1162228E+01  -0.1078595E+03  -0.3564375E+00  -0.1106222E+01
 0.7180000E+02   0.1191046E+01  -0.1092062E+03  -0.3918176E+00  -0.1124754E+01
 0.7200000E+02   0.1218333E+01  -0.1106768E+03  -0.4301890E+00  -0.1139856E+01
 0.7220000E+02   0.1243708E+01  -0.1122587E+03  -0.4711038E+00  -0.1151030E+01
 0.7240000E+02   0.1266805E+01  -0.1139388E+03  -0.5140205E+00  -0.1157834E+01
 0.7260000E+02   0.1287268E+01  -0.1157034E+03  -0.5583035E+00  -0.1159895E+01
 0.7280000E+02   0.1304757E+01  -0.1175375E+03  -0.6032263E+00  -0.1156940E+01
 0.7300000E+02   0.1318966E+01  -0.1194248E+03  -0.6479820E+00  -0.1148821E+01
 0.7320000E+02   0.1329638E+01  -0.1213472E+03  -0.6917084E+00  -0.1135551E+01
 0.7340000E+02   0.1336591E+01  -0.1232850E+03  -0.7335262E+00  -0.1117324E+01
 0.7360000E+02   0.1339737E+01  -0.1252169E+03  -0.7725908E+00  -0.1094531E+01
 0.7380000E+02   0.1339101E+01  -0.1271210E+03  -0.8081486E+00  -0.1067749E+01
 0.7400000E+02   0.1334828E+01  -0.1289754E+03  -0.8395899E+00  -0.1037716E+01
 0.7420000E+02   0.1327178E+01  -0.1307591E+03  -0.8664884E+00  -0.1005286E+01
 0.7440000E+02   0.1316513E+01  -0.1324528E+03  -0.8886224E+00  -0.9713681E+00
 0.7460000E+02   0.1303279E+01  -0.1340394E+03  -0.9059772E+00  -0.9368782E+00
 0.7480000E+02   0.1287985E+01  -0.1355048E+03  -0.9187314E+00  -0.9026842E+00
 0.7500000E+02   0.1271184E+01  -0.1368382E+03  -0.9272336E+00  -0.8695668E+00
 0.7520000E+02   0.1253446E+01  -0.1380327E+03  -0.9319714E+00  -0.8381869E+00
 0.7540000E+02   0.1235343E+01  -0.1390857E+03  -0.9335373E+00  -0.8090619E+00
 0.7560000E+02   0.1217418E+01  -0.1399995E+03  -0.9325894E+00  -0.7825499E+00
 0.7580000E+02   0.1200163E+01  -0.1407812E+03  -0.9298101E+00  -0.7588434E+00
 0.7600000E+02   0.1183989E+01  -0.1414428E+03  -0.9258630E+00  -0.7379751E+00
 0.7620000E+02   0.1169212E+01  -0.1420002E+03  -0.9213538E+00  -0.7198365E+00
 0.7640000E+02   0.1156041E+01  -0.1424716E+03  -0.9168008E+00  -0.7042073E+00
 0.7660000E+02   0.1144580E+01  -0.1428767E+03  -0.9126175E+00  -0.6907917E+00
 0.7680000E+02   0.1134843E+01  -0.1432342E+03  -0.9091100E+00  -0.6792545E+00
 0.7700000E+02   0.1126771E+01  -0.1435618E+03  -0.9064853E+00  -0.6692516E+00
 0.7720000E+02   0.1120260E+01  -0.1438747E+03  -0.9048675E+00  -0.6604522E+00
 0.7740000E+02   0.1115172E+01  -0.1441859E+03  -0.9043158E+00  -0.6525509E+00
 0.7760000E+02   0.1111356E+01  -0.1445060E+03  -0.9048402E+00  -0.6452729E+00
 0.7780000E+02   0.1108652E+01  -0.1448435E+03  -0.9064148E+00  -0.6383743E+00
 0.7800000E+02   0.1106899E+01  -0.1452051E+03  -0.9089860E+00  -0.6316409E+00
 0.7820000E+02   0.1105940E+01  -0.1455958E+03  -0.9124796E+00  -0.6248868E+00
 0.7840000E+02   0.1105621E+01  -0.1460189E+03  -0.9168056E+00  -0.6179528E+00
 0.7860000E+02   0.1105800E+01  -0.1464768E+03  -0.9218636E+00  -0.6107058E+00
 0.7880000E+02   0.1106343E+01  -0.1469705E+03  -0.9275468E+00  -0.6030359E+00
 0.7900000E+02   0.1107128E+01  -0.1475003E+03  -0.9337460E+00  -0.5948540E+00
 0.7920000E+02   0.1108043E+01  -0.1480662E+03  -0.9403512E+00  -0.5860880E+00
 0.7940000E+02   0.1108984E+01  -0.1486673E+03  -0.9472517E+00  -0.5766796E+00
 0.7960000E+02   0.1109852E+01  -0.1493027E+03  -0.9543350E+00  -0.5665829E+00
 0.7980000E+02   0.1110553E+01  -0.1499709E+03  -0.9614850E+00  -0.5557644E+00
 0.8000000E+02   0.1110995E+01  -0.1506702E+03  -0.9685816E+00  -0.5442050E+00
 0.8020000E+02   0.1111091E+01  -0.1513981E+03  -0.9755012E+00  -0.5319025E+00
 0.8040000E+02   0.1110761E+01  -0.1521516E+03  -0.9821200E+00  -0.5188749E+00
 0.8060000E+02   0.1109937E+01  -0.1529270E+03  -0.9883181E+00  -0.5051613E+00
 0.8080000E+02   0.1108564E+01  -0.1537202E+03  -0.9939855E+00  -0.4908219E+00
 0.8100000E+02   0.1106602E+01  -0.1545270E+03  -0.9990269E+00  -0.4759343E+00
 0.8120000E+02   0.1104031E+01  -0.1553427E+03  -0.1003365E+01  -0.4605897E+00
 0.8140000E+02   0.1100844E+01  -0.1561632E+03  -0.1006943E+01  -0.4448867E+00
 0.8160000E+02   0.1097049E+01  -0.1569844E+03  -0.1009722E+01  -0.4289261E+00
 0.8180000E+02   0.1092661E+01  -0.1578026E+03  -0.1011681E+01  -0.4128066E+00
 0.8200000E+02   0.1087701E+01  -0.1586144E+03  -0.1012810E+01  -0.3966229E+00
 0.8220000E+02   0.1082194E+01  -0.1594167E+03  -0.1013109E+01  -0.3804654E+00
 0.8240000E+02   0.1076165E+01  -0.1602066E+03  -0.1012585E+01  -0.3644221E+00
 0.8260000E+02   0.1069643E+01  -0.1609808E+03  -0.1011250E+01  -0.3485810E+00
 0.8280000E+02   0.1062660E+01  -0.1617361E+03  -0.1009127E+01  -0.3330315E+00
 0.8300000E+02   0.1055258E+01  -0.1624690E+03  -0.1006246E+01  -0.3178659E+00
 0.8320000E+02   0.1047488E+01  -0.1631760E+03  -0.1002654E+01  -0.3031775E+00
 0.8340000E+02   0.1039415E+01  -0.1638533E+03  -0.9984133E+00  -0.2890583E+00
 0.8360000E+02   0.1031119E+01  -0.1644977E+03  -0.9936072E+00  -0.2755940E+00
 0.8380000E+02   0.1022695E+01  -0.1651063E+03  -0.9883373E+00  -0.2628590E+00
 0.8400000E+02   0.1014250E+01  -0.1656771E+03  -0.9827237E+00  -0.2509110E+00
 0.8420000E+02   0.1005900E+01  -0.1662091E+03  -0.9769016E+00  -0.2397855E+00
 0.8440000E+02   0.9977678E+00  -0.1667026E+03  -0.9710172E+00  -0.2294913E+00
 0.8460000E+02   0.9899777E+00  -0.1671597E+03  -0.9652216E+00  -0.2200073E+00
 0.8480000E+02   0.9826474E+00  -0.1675839E+03  -0.9596650E+00  -0.2112796E+00
 0.8500000E+02   0.9758827E+00  -0.1679806E+03  -0.9544885E+00  -0.2032206E+00
 0.8520000E+02   0.9697698E+00  -0.1683572E+03  -0.9498164E+00  -0.1957097E+00
 0.8540000E+02   0.9643683E+00  -0.1687223E+03  -0.9457472E+00  -0.1885957E+00
 0.8560000E+02   0.9597034E+00  -0.1690862E+03  -0.9423454E+00  -0.1817025E+00
 0.8580000E+02   0.9557614E+00  -0.1694596E+03  -0.9396340E+00  -0.1748361E+00
 0.8600000E+02   0.9524854E+00  -0.1698535E+03  -0.9375890E+00  -0.1677954E+00
 0.8620000E+02   0.9497757E+00  -0.1702782E+03  -0.9361361E+00  -0.1603838E+00
 0.8640000E+02   0.9474921E+00  -0.1707426E+03  -0.9351516E+00  -0.1524229E+00
 0.8660000E+02   0.9454606E+00  -0.1712538E+03  -0.9344663E+00  -0.1437654E+00
 0.8680000E+02   0.9434822E+00  -0.1718160E+03  -0.9338737E+00  -0.1343074E+00
 0.8700000E+02   0.9413446E+00  -0.1724307E+03  -0.9331420E+00  -0.1239987E+00
 0.8720000E+02   0.9388349E+00  -0.1730963E+03  -0.9320279E+00  -0.1128492E+00
 0.8740000E+02   0.9357529E+00  -0.1738080E+03  -0.9302937E+00  -0.1009313E+00
 0.8760000E+02   0.9319237E+00  -0.1745583E+03  -0.9277236E+00  -0.8837763E-01
 0.8780000E+02   0.9272087E+00  -0.1753372E+03  -0.9241400E+00  -0.7537407E-01
 0.8800000E+02   0.9215147E+00  -0.1761330E+03  -0.9194166E+00  -0.6214805E-01
 0.8820000E+02   0.9147997E+00  -0.1769325E+03  -0.9134890E+00  -0.4895338E-01
 0.8840000E+02   0.9070759E+00  -0.1777221E+03  -0.9063592E+00  -0.3605273E-01
 0.8860000E+02   0.8984083E+00  -0.1784884E+03  -0.8980957E+00  -0.2369926E-01
 0.8880000E+02   0.8889109E+00  -0.1792188E+03  -0.8888283E+00  -0.1211912E-01
 0.8900000E+02   0.8787390E+00  -0.1799024E+03  -0.8787378E+00  -0.1496495E-02
 0.8920000E+02   0.8680798E+00   0.1794695E+03  -0.8680426E+00   0.8037800E-02
 0.8940000E+02   0.8571399E+00   0.1789028E+03  -0.8569828E+00   0.1641323E-01
 0.8960000E+02   0.8461335E+00   0.1784002E+03  -0.8458037E+00   0.2362181E-01
 0.8980000E+02   0.8352686E+00   0.1779612E+03  -0.8347399E+00   0.2971601E-01
 0.9000000E+02   0.8247352E+00   0.1775815E+03  -0.8240006E+00   0.3480274E-01
 0.9020000E+02   0.8146939E+00   0.1772537E+03  -0.8137582E+00   0.3903439E-01
 0.9040000E+02   0.8052665E+00   0.1769677E+03  -0.8041391E+00   0.4259764E-01
 0.9060000E+02   0.7965298E+00   0.1767108E+03  -0.7952177E+00   0.4570091E-01
 0.9080000E+02   0.7885107E+00   0.1764691E+03  -0.7870139E+00   0.4856134E-01
 0.9100000E+02   0.7811859E+00   0.1762280E+03  -0.7794936E+00   0.5139178E-01
 0.9120000E+02   0.7744832E+00   0.1759731E+03  -0.7725711E+00   0.5438856E-01
 0.9140000E+02   0.7682867E+00   0.1756914E+03  -0.7661154E+00   0.5772047E-01
 0.9160000E+02   0.7624435E+00   0.1753719E+03  -0.7599575E+00   0.6151934E-01
 0.9180000E+02   0.7567726E+00   0.1750064E+03  -0.7539002E+00   0.6587265E-01
 0.9200000E+02   0.7510746E+00   0.1745896E+03  -0.7477284E+00   0.7081847E-01
 0.9220000E+02   0.7451418E+00   0.1741195E+03  -0.7412207E+00   0.7634274E-01
 0.9240000E+02   0.7387687E+00   0.1735977E+03  -0.7341613E+00   0.8237917E-01
 0.9260000E+02   0.7317605E+00   0.1730290E+03  -0.7263511E+00   0.8881167E-01
 0.9280000E+02   0.7239421E+00   0.1724213E+03  -0.7176182E+00   0.9547916E-01
 0.9300000E+02   0.7151653E+00   0.1717855E+03  -0.7078277E+00   0.1021826E+00
 0.9320000E+02   0.7053140E+00   0.1711350E+03  -0.6968884E+00   0.1086938E+00
 0.9340000E+02   0.6943091E+00   0.1704856E+03  -0.6847583E+00   0.1147657E+00
 0.9360000E+02   0.6821116E+00   0.1698553E+03  -0.6714475E+00   0.1201436E+00
 0.9380000E+02   0.6687241E+00   0.1692637E+03  -0.6570180E+00   0.1245764E+00
 0.9400000E+02   0.6541918E+00   0.1687320E+03  -0.6415817E+00   0.1278276E+00
 0.9420000E+02   0.6386015E+00   0.1682831E+03  -0.6252948E+00   0.1296853E+00
 0.9440000E+02   0.6220804E+00   0.1679404E+03  -0.6083517E+00   0.1299702E+00
 0.9460000E+02   0.6047939E+00   0.1677288E+03  -0.5909759E+00   0.1285424E+00
 0.9480000E+02   0.5869425E+00   0.1676732E+03  -0.5734110E+00   0.1253046E+00
 0.9500000E+02   0.5687586E+00   0.1677988E+03  -0.5559112E+00   0.1202046E+00
 0.9520000E+02   0.5505031E+00   0.1681300E+03  -0.5387317E+00   0.1132338E+00
 0.9540000E+02   0.5324611E+00   0.1686900E+03  -0.5221209E+00   0.1044251E+00
 0.9560000E+02   0.5149373E+00   0.1694990E+03  -0.5063130E+00   0.9384866E-01
 0.9580000E+02   0.4982512E+00   0.1705733E+03  -0.4915228E+00   0.8160672E-01
 0.9600000E+02   0.4827305E+00   0.1719227E+03  -0.4779416E+00   0.6782771E-01
 0.9620000E+02   0.4687030E+00   0.1735490E+03  -0.4657353E+00   0.5266052E-01
 0.9640000E+02   0.4564864E+00   0.1754429E+03  -0.4550433E+00   0.3626898E-01
 0.9660000E+02   0.4463755E+00   0.1775827E+03  -0.4459783E+00   0.1882688E-01
 0.9680000E+02   0.4386280E+00   0.1799329E+03  -0.4386277E+00   0.5137483E-03
 0.9700000E+02   0.4334492E+00  -0.1775553E+03  -0.4330547E+00  -0.1848876E-01
 0.9720000E+02   0.4309780E+00  -0.1749416E+03  -0.4292994E+00  -0.3799977E-01
 0.9740000E+02   0.4312774E+00  -0.1722924E+03  -0.4273810E+00  -0.5784174E-01
 0.9760000E+02   0.4343311E+00  -0.1696754E+03  -0.4272985E+00  -0.7784265E-01
 0.9780000E+02   0.4400473E+00  -0.1671538E+03  -0.4290330E+00  -0.9783815E-01
 0.9800000E+02   0.4482694E+00  -0.1647812E+03  -0.4325487E+00  -0.1176736E+00
 0.9820000E+02   0.4587923E+00  -0.1625989E+03  -0.4377955E+00  -0.1372059E+00
 0.9840000E+02   0.4713802E+00  -0.1606346E+03  -0.4447109E+00  -0.1563058E+00
 0.9860000E+02   0.4857846E+00  -0.1589028E+03  -0.4532229E+00  -0.1748589E+00
 0.9880000E+02   0.5017602E+00  -0.1574071E+03  -0.4632539E+00  -0.1927670E+00
 0.9900000E+02   0.5190769E+00  -0.1561424E+03  -0.4747237E+00  -0.2099482E+00
 0.9920000E+02   0.5375287E+00  -0.1550979E+03  -0.4875541E+00  -0.2263364E+00
 0.9940000E+02   0.5569385E+00  -0.1542592E+03  -0.5016722E+00  -0.2418790E+00
 0.9960000E+02   0.5771600E+00  -0.1536101E+03  -0.5170142E+00  -0.2565346E+00
 0.9980000E+02   0.5980774E+00  -0.1531346E+03  -0.5335274E+00  -0.2702685E+00
 0.1000000E+03   0.6196023E+00  -0.1528177E+03  -0.5511718E+00  -0.2830488E+00
