  Freq              AMPL              PHASE          REAL          IMAG
 0.2099800E+00   0.1000483E+01  -0.2350171E-02   0.1000483E+01  -0.4103805E-04
 0.2099800E+00   0.1000483E+01  -0.2350171E-02   0.1000483E+01  -0.4103805E-04
 0.4000000E+00   0.1001775E+01  -0.8634895E-02   0.1001775E+01  -0.1509749E-03
 0.6000000E+00   0.1003969E+01  -0.1930072E-01   0.1003969E+01  -0.3381982E-03
 0.8000000E+00   0.1007043E+01  -0.3419654E-01   0.1007043E+01  -0.6010460E-03
 0.1000000E+01   0.1010997E+01  -0.5323358E-01   0.1010996E+01  -0.9393182E-03
 0.1200000E+01   0.1015825E+01  -0.7621386E-01   0.1015824E+01  -0.1351232E-02
 0.1400000E+01   0.1021511E+01  -0.1027100E+00   0.1021510E+01  -0.1831189E-02
 0.1600000E+01   0.1028019E+01  -0.1317766E+00   0.1028016E+01  -0.2364375E-02
 0.1800000E+01   0.1035258E+01  -0.1611660E+00   0.1035254E+01  -0.2912050E-02
 0.2000000E+01   0.1043019E+01  -0.1847891E+00   0.1043013E+01  -0.3363916E-02
 0.2200000E+01   0.1050758E+01  -0.1819695E+00   0.1050753E+01  -0.3337169E-02
 0.2400000E+01   0.1057000E+01  -0.4620165E-01   0.1056999E+01  -0.8523338E-03
 0.2600000E+01   0.1064768E+01   0.7505984E+00   0.1064676E+01   0.1394850E-01
 0.2800000E+01   0.1118187E+01   0.1217264E+01   0.1117935E+01   0.2375439E-01
 0.3000000E+01   0.1132234E+01  -0.8712214E-01   0.1132233E+01  -0.1721638E-02
 0.3200000E+01   0.1143616E+01  -0.4578342E+00   0.1143580E+01  -0.9138215E-02
 0.3400000E+01   0.1159163E+01  -0.6273086E+00   0.1159094E+01  -0.1269096E-01
 0.3600000E+01   0.1177695E+01  -0.7596979E+00   0.1177592E+01  -0.1561488E-01
 0.3800000E+01   0.1198635E+01  -0.8940894E+00   0.1198489E+01  -0.1870370E-01
 0.4000000E+01   0.1221227E+01  -0.1048459E+01   0.1221023E+01  -0.2234607E-01
 0.4200000E+01   0.1245634E+01  -0.1148750E+01   0.1245384E+01  -0.2497263E-01
 0.4400000E+01   0.1273259E+01  -0.1261910E+01   0.1272951E+01  -0.2804062E-01
 0.4600000E+01   0.1303372E+01  -0.1396901E+01   0.1302985E+01  -0.3177375E-01
 0.4800000E+01   0.1336065E+01  -0.1545422E+01   0.1335579E+01  -0.3603293E-01
 0.5000000E+01   0.1371571E+01  -0.1705748E+01   0.1370963E+01  -0.4082689E-01
 0.5200000E+01   0.1410148E+01  -0.1877986E+01   0.1409391E+01  -0.4621220E-01
 0.5400000E+01   0.1452087E+01  -0.2062616E+01   0.1451146E+01  -0.5226301E-01
 0.5600000E+01   0.1497710E+01  -0.2260060E+01   0.1496545E+01  -0.5906259E-01
 0.5800000E+01   0.1547377E+01  -0.2470336E+01   0.1545939E+01  -0.6669527E-01
 0.6000000E+01   0.1601481E+01  -0.2692441E+01   0.1599713E+01  -0.7522901E-01
 0.6200000E+01   0.1660439E+01  -0.2922958E+01   0.1658279E+01  -0.8467096E-01
 0.6400000E+01   0.1724693E+01  -0.3152570E+01   0.1722083E+01  -0.9484942E-01
 0.6600000E+01   0.1794787E+01  -0.3356839E+01   0.1791707E+01  -0.1050926E+00
 0.6800000E+01   0.1872138E+01  -0.3477301E+01   0.1868691E+01  -0.1135510E+00
 0.7000000E+01   0.1961932E+01  -0.3453749E+01   0.1958369E+01  -0.1181923E+00
 0.7200000E+01   0.2073768E+01  -0.3332696E+01   0.2070261E+01  -0.1205559E+00
 0.7400000E+01   0.2221768E+01  -0.3661357E+01   0.2217233E+01  -0.1418804E+00
 0.7600000E+01   0.2372445E+01  -0.4788806E+01   0.2364163E+01  -0.1980592E+00
 0.7800000E+01   0.2520915E+01  -0.5850327E+01   0.2507785E+01  -0.2569572E+00
 0.8000000E+01   0.2686191E+01  -0.6770905E+01   0.2667456E+01  -0.3167012E+00
 0.8200000E+01   0.2877654E+01  -0.7683009E+01   0.2851821E+01  -0.3847202E+00
 0.8400000E+01   0.3102050E+01  -0.8674211E+01   0.3066568E+01  -0.4678384E+00
 0.8600000E+01   0.3367465E+01  -0.9808737E+01   0.3318239E+01  -0.5736805E+00
 0.8800000E+01   0.3684827E+01  -0.1115451E+02   0.3615217E+01  -0.7128502E+00
 0.9000000E+01   0.4069080E+01  -0.1280383E+02   0.3967900E+01  -0.9017638E+00
 0.9200000E+01   0.4539869E+01  -0.1489672E+02   0.4387287E+01  -0.1167098E+01
 0.9400000E+01   0.5119374E+01  -0.1763661E+02   0.4878749E+01  -0.1551062E+01
 0.9600000E+01   0.5823503E+01  -0.2121329E+02   0.5428901E+01  -0.2107181E+01
 0.9800000E+01   0.6678854E+01  -0.2553464E+02   0.6026495E+01  -0.2878965E+01
 0.1000000E+02   0.7806097E+01  -0.3086286E+02   0.6700735E+01  -0.4004410E+01
 0.1020000E+02   0.9295037E+01  -0.3851751E+02   0.7272603E+01  -0.5788520E+01
 0.1040000E+02   0.1105054E+02  -0.4932329E+02   0.7202632E+01  -0.8380720E+01
 0.1060000E+02   0.1290448E+02  -0.6356252E+02   0.5745348E+01  -0.1155494E+02
 0.1080000E+02   0.1431463E+02  -0.8211621E+02   0.1963457E+01  -0.1417933E+02
 0.1100000E+02   0.1413999E+02  -0.1030198E+03  -0.3185566E+01  -0.1377648E+02
 0.1120000E+02   0.1243970E+02  -0.1212093E+03  -0.6445836E+01  -0.1063942E+02
 0.1140000E+02   0.1038620E+02  -0.1344418E+03  -0.7272252E+01  -0.7415356E+01
 0.1160000E+02   0.8633914E+01  -0.1434987E+03  -0.6940310E+01  -0.5135812E+01
 0.1180000E+02   0.7283236E+01  -0.1497347E+03  -0.6290538E+01  -0.3670784E+01
 0.1200000E+02   0.6259748E+01  -0.1541783E+03  -0.5634738E+01  -0.2726570E+01
 0.1220000E+02   0.5473992E+01  -0.1574700E+03  -0.5056211E+01  -0.2097456E+01
 0.1240000E+02   0.4858065E+01  -0.1599887E+03  -0.4564761E+01  -0.1662453E+01
 0.1260000E+02   0.4365027E+01  -0.1619647E+03  -0.4150556E+01  -0.1351423E+01
 0.1280000E+02   0.3962680E+01  -0.1635423E+03  -0.3800326E+01  -0.1122655E+01
 0.1300000E+02   0.3628619E+01  -0.1648136E+03  -0.3501903E+01  -0.9505537E+00
 0.1320000E+02   0.3346939E+01  -0.1658360E+03  -0.3245190E+01  -0.8189906E+00
 0.1340000E+02   0.3106143E+01  -0.1666414E+03  -0.3022100E+01  -0.7176591E+00
 0.1360000E+02   0.2897845E+01  -0.1672395E+03  -0.2826274E+01  -0.6400640E+00
 0.1380000E+02   0.2716073E+01  -0.1676171E+03  -0.2652888E+01  -0.5824452E+00
 0.1400000E+02   0.2557143E+01  -0.1677347E+03  -0.2498775E+01  -0.5432346E+00
 0.1420000E+02   0.2420261E+01  -0.1675300E+03  -0.2363165E+01  -0.5226038E+00
 0.1440000E+02   0.2308758E+01  -0.1669582E+03  -0.2249205E+01  -0.5209991E+00
 0.1460000E+02   0.2229470E+01  -0.1661226E+03  -0.2164394E+01  -0.5347282E+00
 0.1480000E+02   0.2184979E+01  -0.1653800E+03  -0.2114232E+01  -0.5515037E+00
 0.1500000E+02   0.2167655E+01  -0.1651110E+03  -0.2094877E+01  -0.5569741E+00
 0.1520000E+02   0.2165741E+01  -0.1655853E+03  -0.2097562E+01  -0.5391370E+00
 0.1540000E+02   0.2159110E+01  -0.1669067E+03  -0.2102978E+01  -0.4891194E+00
 0.1560000E+02   0.2130018E+01  -0.1686700E+03  -0.2088508E+01  -0.4184640E+00
 0.1580000E+02   0.2081041E+01  -0.1703430E+03  -0.2051552E+01  -0.3490944E+00
 0.1600000E+02   0.2023937E+01  -0.1717097E+03  -0.2002787E+01  -0.2918275E+00
 0.1620000E+02   0.1967019E+01  -0.1727843E+03  -0.1951440E+01  -0.2470691E+00
 0.1640000E+02   0.1913914E+01  -0.1736410E+03  -0.1902138E+01  -0.2119801E+00
 0.1660000E+02   0.1865673E+01  -0.1743468E+03  -0.1856599E+01  -0.1837826E+00
 0.1680000E+02   0.1822271E+01  -0.1749483E+03  -0.1815192E+01  -0.1604591E+00
 0.1700000E+02   0.1783314E+01  -0.1754749E+03  -0.1777755E+01  -0.1406965E+00
 0.1720000E+02   0.1748395E+01  -0.1759429E+03  -0.1744013E+01  -0.1236996E+00
 0.1740000E+02   0.1717244E+01  -0.1763630E+03  -0.1713786E+01  -0.1089347E+00
 0.1760000E+02   0.1689656E+01  -0.1767465E+03  -0.1686932E+01  -0.9589449E-01
 0.1780000E+02   0.1665327E+01  -0.1771048E+03  -0.1663201E+01  -0.8411396E-01
 0.1800000E+02   0.1643894E+01  -0.1774447E+03  -0.1642260E+01  -0.7328960E-01
 0.1820000E+02   0.1625033E+01  -0.1777685E+03  -0.1623801E+01  -0.6327445E-01
 0.1840000E+02   0.1608485E+01  -0.1780754E+03  -0.1607578E+01  -0.5401848E-01
 0.1860000E+02   0.1594048E+01  -0.1783631E+03  -0.1593398E+01  -0.4553587E-01
 0.1880000E+02   0.1581566E+01  -0.1786269E+03  -0.1581112E+01  -0.3789978E-01
 0.1900000E+02   0.1570936E+01  -0.1788602E+03  -0.1570626E+01  -0.3124949E-01
 0.1920000E+02   0.1562138E+01  -0.1790538E+03  -0.1561925E+01  -0.2579699E-01
 0.1940000E+02   0.1555283E+01  -0.1791964E+03  -0.1555130E+01  -0.2181395E-01
 0.1960000E+02   0.1550679E+01  -0.1792772E+03  -0.1550556E+01  -0.1956064E-01
 0.1980000E+02   0.1548843E+01  -0.1792929E+03  -0.1548725E+01  -0.1911496E-01
 0.2000000E+02   0.1550282E+01  -0.1792545E+03  -0.1550150E+01  -0.2017122E-01
 0.2020000E+02   0.1555044E+01  -0.1791851E+03  -0.1554887E+01  -0.2211560E-01
 0.2040000E+02   0.1562435E+01  -0.1790996E+03  -0.1562242E+01  -0.2455129E-01
 0.2060000E+02   0.1571166E+01  -0.1789787E+03  -0.1570916E+01  -0.2800412E-01
 0.2080000E+02   0.1580101E+01  -0.1787453E+03  -0.1579722E+01  -0.3459882E-01
 0.2100000E+02   0.1589595E+01  -0.1782705E+03  -0.1588871E+01  -0.4797619E-01
 0.2120000E+02   0.1602279E+01  -0.1774113E+03  -0.1600644E+01  -0.7236862E-01
 0.2140000E+02   0.1623342E+01  -0.1760399E+03  -0.1619466E+01  -0.1121107E+00
 0.2160000E+02   0.1661517E+01  -0.1740749E+03  -0.1652641E+01  -0.1715149E+00
 0.2180000E+02   0.1730756E+01  -0.1715670E+03  -0.1712043E+01  -0.2538187E+00
 0.2200000E+02   0.1850786E+01  -0.1688520E+03  -0.1815864E+01  -0.3578372E+00
 0.2220000E+02   0.2042987E+01  -0.1666575E+03  -0.1987843E+01  -0.4714642E+00
 0.2240000E+02   0.2319219E+01  -0.1659170E+03  -0.2249513E+01  -0.5643293E+00
 0.2260000E+02   0.2669942E+01  -0.1672660E+03  -0.2604272E+01  -0.5885202E+00
 0.2280000E+02   0.3065525E+01  -0.1706997E+03  -0.3025228E+01  -0.4954180E+00
 0.2300000E+02   0.3471954E+01  -0.1757560E+03  -0.3462434E+01  -0.2569373E+00
 0.2320000E+02   0.3863385E+01   0.1780976E+03  -0.3861256E+01   0.1282555E+00
 0.2340000E+02   0.4224517E+01   0.1712846E+03  -0.4175737E+01   0.6401273E+00
 0.2360000E+02   0.4550740E+01   0.1640870E+03  -0.4376352E+01   0.1247712E+01
 0.2380000E+02   0.4845344E+01   0.1566217E+03  -0.4447564E+01   0.1922637E+01
 0.2400000E+02   0.5111571E+01   0.1488573E+03  -0.4374903E+01   0.2643555E+01
 0.2420000E+02   0.5344551E+01   0.1406871E+03  -0.4135064E+01   0.3386071E+01
 0.2440000E+02   0.5527435E+01   0.1320183E+03  -0.3699885E+01   0.4106506E+01
 0.2460000E+02   0.5633351E+01   0.1228534E+03  -0.3056041E+01   0.4732363E+01
 0.2480000E+02   0.5634218E+01   0.1133426E+03  -0.2232433E+01   0.5173070E+01
 0.2500000E+02   0.5514531E+01   0.1037821E+03  -0.1313731E+01   0.5355760E+01
 0.2520000E+02   0.5282066E+01   0.9454064E+02  -0.4181611E+00   0.5265488E+01
 0.2540000E+02   0.4966411E+01   0.8594374E+02   0.3513036E+00   0.4953970E+01
 0.2560000E+02   0.4606075E+01   0.7818875E+02   0.9428092E+00   0.4508551E+01
 0.2580000E+02   0.4234867E+01   0.7133400E+02   0.1355373E+01   0.4012115E+01
 0.2600000E+02   0.3875755E+01   0.6534112E+02   0.1617023E+01   0.3522317E+01
 0.2620000E+02   0.3541128E+01   0.6012011E+02   0.1764132E+01   0.3070412E+01
 0.2640000E+02   0.3234971E+01   0.5556751E+02   0.1829165E+01   0.2668182E+01
 0.2660000E+02   0.2955838E+01   0.5161941E+02   0.1835227E+01   0.2317093E+01
 0.2680000E+02   0.2701555E+01   0.4830266E+02   0.1797063E+01   0.2017167E+01
 0.2700000E+02   0.2473900E+01   0.4571762E+02   0.1727265E+01   0.1771083E+01
 0.2720000E+02   0.2279225E+01   0.4392617E+02   0.1641576E+01   0.1581169E+01
 0.2740000E+02   0.2124412E+01   0.4282724E+02   0.1558058E+01   0.1444154E+01
 0.2760000E+02   0.2012306E+01   0.4212463E+02   0.1492503E+01   0.1349746E+01
 0.2780000E+02   0.1939842E+01   0.4139775E+02   0.1455148E+01   0.1282784E+01
 0.2800000E+02   0.1898180E+01   0.4022359E+02   0.1449318E+01   0.1225792E+01
 0.2820000E+02   0.1873935E+01   0.3831517E+02   0.1470312E+01   0.1161815E+01
 0.2840000E+02   0.1852416E+01   0.3562655E+02   0.1505701E+01   0.1079032E+01
 0.2860000E+02   0.1822552E+01   0.3234476E+02   0.1539772E+01   0.9750882E+00
 0.2880000E+02   0.1780137E+01   0.2876425E+02   0.1560481E+01   0.8566139E+00
 0.2900000E+02   0.1727043E+01   0.2514431E+02   0.1563390E+01   0.7338201E+00
 0.2920000E+02   0.1667930E+01   0.2163741E+02   0.1550400E+01   0.6150183E+00
 0.2940000E+02   0.1607281E+01   0.1829312E+02   0.1526054E+01   0.5044909E+00
 0.2960000E+02   0.1548067E+01   0.1509785E+02   0.1494632E+01   0.4032223E+00
 0.2980000E+02   0.1491688E+01   0.1201480E+02   0.1459010E+01   0.3105162E+00
 0.3000000E+02   0.1438423E+01   0.9010332E+01   0.1420673E+01   0.2252752E+00
 0.3020000E+02   0.1387922E+01   0.6070550E+01   0.1380139E+01   0.1467768E+00
 0.3040000E+02   0.1339716E+01   0.3214247E+01   0.1337608E+01   0.7511756E-01
 0.3060000E+02   0.1293884E+01   0.4963068E+00   0.1293835E+01   0.1120773E-01
 0.3080000E+02   0.1251658E+01  -0.2012673E+01   0.1250886E+01  -0.4395892E-01
 0.3100000E+02   0.1215472E+01  -0.4272886E+01   0.1212094E+01  -0.9056098E-01
 0.3120000E+02   0.1188199E+01  -0.6322390E+01   0.1180972E+01  -0.1308477E+00
 0.3140000E+02   0.1172011E+01  -0.8287970E+01   0.1159770E+01  -0.1689435E+00
 0.3160000E+02   0.1167623E+01  -0.1034951E+02   0.1148626E+01  -0.2097664E+00
 0.3180000E+02   0.1174272E+01  -0.1268255E+02   0.1145621E+01  -0.2578103E+00
 0.3200000E+02   0.1190287E+01  -0.1541451E+02   0.1147470E+01  -0.3163785E+00
 0.3220000E+02   0.1213834E+01  -0.1861594E+02   0.1150326E+01  -0.3874837E+00
 0.3240000E+02   0.1243373E+01  -0.2232021E+02   0.1150214E+01  -0.4722113E+00
 0.3260000E+02   0.1277664E+01  -0.2654885E+02   0.1142939E+01  -0.5710655E+00
 0.3280000E+02   0.1315476E+01  -0.3132597E+02   0.1123711E+01  -0.6839246E+00
 0.3300000E+02   0.1355203E+01  -0.3667939E+02   0.1086860E+01  -0.8095128E+00
 0.3320000E+02   0.1394518E+01  -0.4263202E+02   0.1025973E+01  -0.9444894E+00
 0.3340000E+02   0.1430180E+01  -0.4918698E+02   0.9347552E+00  -0.1082427E+01
 0.3360000E+02   0.1458121E+01  -0.5630975E+02   0.8088238E+00  -0.1213227E+01
 0.3380000E+02   0.1473963E+01  -0.6391221E+02   0.6481720E+00  -0.1323798E+01
 0.3400000E+02   0.1473994E+01  -0.7184685E+02   0.4592346E+00  -0.1400629E+01
 0.3420000E+02   0.1456294E+01  -0.7991889E+02   0.2549127E+00  -0.1433810E+01
 0.3440000E+02   0.1421435E+01  -0.8791671E+02   0.5167248E-01  -0.1420495E+01
 0.3460000E+02   0.1372290E+01  -0.9564907E+02  -0.1350817E+00  -0.1365626E+01
 0.3480000E+02   0.1313066E+01  -0.1029720E+03  -0.2947496E+00  -0.1279557E+01
 0.3500000E+02   0.1248174E+01  -0.1097958E+03  -0.4227173E+00  -0.1174414E+01
 0.3520000E+02   0.1181460E+01  -0.1160777E+03  -0.5193575E+00  -0.1061186E+01
 0.3540000E+02   0.1115904E+01  -0.1218100E+03  -0.5881980E+00  -0.9482957E+00
 0.3560000E+02   0.1053600E+01  -0.1270107E+03  -0.6342293E+00  -0.8413241E+00
 0.3580000E+02   0.9958592E+00  -0.1317161E+03  -0.6626853E+00  -0.7433599E+00
 0.3600000E+02   0.9433444E+00  -0.1359753E+03  -0.6783031E+00  -0.6555941E+00
 0.3620000E+02   0.8962130E+00  -0.1398436E+03  -0.6849635E+00  -0.5779471E+00
 0.3640000E+02   0.8542605E+00  -0.1433759E+03  -0.6856014E+00  -0.5096192E+00
 0.3660000E+02   0.8170642E+00  -0.1466218E+03  -0.6822952E+00  -0.4495188E+00
 0.3680000E+02   0.7841209E+00  -0.1496212E+03  -0.6764614E+00  -0.3965419E+00
 0.3700000E+02   0.7549474E+00  -0.1524060E+03  -0.6690738E+00  -0.3496939E+00
 0.3720000E+02   0.7291150E+00  -0.1550040E+03  -0.6608240E+00  -0.3080915E+00
 0.3740000E+02   0.7062239E+00  -0.1574414E+03  -0.6521891E+00  -0.2709271E+00
 0.3760000E+02   0.6858618E+00  -0.1597430E+03  -0.6434406E+00  -0.2374670E+00
 0.3780000E+02   0.6675909E+00  -0.1619278E+03  -0.6346562E+00  -0.2070969E+00
 0.3800000E+02   0.6509777E+00  -0.1640050E+03  -0.6257755E+00  -0.1793792E+00
 0.3820000E+02   0.6356482E+00  -0.1659720E+03  -0.6166914E+00  -0.1540789E+00
 0.3840000E+02   0.6213441E+00  -0.1678156E+03  -0.6073474E+00  -0.1311395E+00
 0.3860000E+02   0.6079585E+00  -0.1695170E+03  -0.5978111E+00  -0.1106141E+00
 0.3880000E+02   0.5955407E+00  -0.1710581E+03  -0.5883027E+00  -0.9256685E-01
 0.3900000E+02   0.5842570E+00  -0.1724294E+03  -0.5791642E+00  -0.7697435E-01
 0.3920000E+02   0.5743129E+00  -0.1736355E+03  -0.5707733E+00  -0.6366434E-01
 0.3940000E+02   0.5658646E+00  -0.1746943E+03  -0.5634401E+00  -0.5232516E-01
 0.3960000E+02   0.5589648E+00  -0.1756313E+03  -0.5573407E+00  -0.4257857E-01
 0.3980000E+02   0.5535678E+00  -0.1764715E+03  -0.5525184E+00  -0.3406913E-01
 0.4000000E+02   0.5495780E+00  -0.1772340E+03  -0.5489377E+00  -0.2652066E-01
 0.4020000E+02   0.5469070E+00  -0.1779315E+03  -0.5465506E+00  -0.1974043E-01
 0.4040000E+02   0.5455085E+00  -0.1785731E+03  -0.5453394E+00  -0.1358371E-01
 0.4060000E+02   0.5453786E+00  -0.1791693E+03  -0.5453213E+00  -0.7907269E-02
 0.4080000E+02   0.5465268E+00  -0.1797337E+03  -0.5465209E+00  -0.2539967E-02
 0.4100000E+02   0.5489418E+00   0.1797167E+03  -0.5489351E+00   0.2714672E-02
 0.4120000E+02   0.5525731E+00   0.1791652E+03  -0.5525145E+00   0.8050570E-02
 0.4140000E+02   0.5573402E+00   0.1785988E+03  -0.5571736E+00   0.1362835E-01
 0.4160000E+02   0.5631601E+00   0.1780093E+03  -0.5628202E+00   0.1956288E-01
 0.4180000E+02   0.5699753E+00   0.1773920E+03  -0.5693849E+00   0.2593526E-01
 0.4200000E+02   0.5777667E+00   0.1767435E+03  -0.5768338E+00   0.3282089E-01
 0.4220000E+02   0.5865494E+00   0.1760583E+03  -0.5851620E+00   0.4031985E-01
 0.4240000E+02   0.5963521E+00   0.1753275E+03  -0.5943702E+00   0.4857893E-01
 0.4260000E+02   0.6071872E+00   0.1745377E+03  -0.6044300E+00   0.5779890E-01
 0.4280000E+02   0.6190164E+00   0.1736725E+03  -0.6152455E+00   0.6822250E-01
 0.4300000E+02   0.6317191E+00   0.1727154E+03  -0.6266202E+00   0.8010022E-01
 0.4320000E+02   0.6450727E+00   0.1716538E+03  -0.6382408E+00   0.9363449E-01
 0.4340000E+02   0.6587584E+00   0.1704838E+03  -0.6496932E+00   0.1089100E+00
 0.4360000E+02   0.6724009E+00   0.1692144E+03  -0.6605225E+00   0.1258291E+00
 0.4380000E+02   0.6856460E+00   0.1678694E+03  -0.6703363E+00   0.1440820E+00
 0.4400000E+02   0.6982639E+00   0.1664850E+03  -0.6789282E+00   0.1631837E+00
 0.4420000E+02   0.7102428E+00   0.1651031E+03  -0.6863715E+00   0.1825897E+00
 0.4440000E+02   0.7218299E+00   0.1637607E+03  -0.6930306E+00   0.2018591E+00
 0.4460000E+02   0.7334934E+00   0.1624807E+03  -0.6994707E+00   0.2208014E+00
 0.4480000E+02   0.7458164E+00   0.1612657E+03  -0.7063019E+00   0.2395408E+00
 0.4500000E+02   0.7593724E+00   0.1600993E+03  -0.7140257E+00   0.2584833E+00
 0.4520000E+02   0.7746295E+00   0.1589512E+03  -0.7229421E+00   0.2782188E+00
 0.4540000E+02   0.7919107E+00   0.1577845E+03  -0.7331260E+00   0.2994141E+00
 0.4560000E+02   0.8113996E+00   0.1565623E+03  -0.7444538E+00   0.3227350E+00
 0.4580000E+02   0.8331719E+00   0.1552506E+03  -0.7566433E+00   0.3488070E+00
 0.4600000E+02   0.8572296E+00   0.1538198E+03  -0.7692872E+00   0.3782060E+00
 0.4620000E+02   0.8835264E+00   0.1522441E+03  -0.7818673E+00   0.4114637E+00
 0.4640000E+02   0.9119788E+00   0.1505005E+03  -0.7937500E+00   0.4490727E+00
 0.4660000E+02   0.9424666E+00   0.1485679E+03  -0.8041679E+00   0.4914848E+00
 0.4680000E+02   0.9748213E+00   0.1464257E+03  -0.8121911E+00   0.5390938E+00
 0.4700000E+02   0.1008807E+01   0.1440534E+03  -0.8166938E+00   0.5922011E+00
 0.4720000E+02   0.1044091E+01   0.1414302E+03  -0.8163214E+00   0.6509567E+00
 0.4740000E+02   0.1080208E+01   0.1385352E+03  -0.8094675E+00   0.7152708E+00
 0.4760000E+02   0.1116517E+01   0.1353478E+03  -0.7942743E+00   0.7846899E+00
 0.4780000E+02   0.1152147E+01   0.1318493E+03  -0.7686822E+00   0.8582366E+00
 0.4800000E+02   0.1185959E+01   0.1280252E+03  -0.7305601E+00   0.9342279E+00
 0.4820000E+02   0.1216527E+01   0.1238682E+03  -0.6779510E+00   0.1010110E+01
 0.4840000E+02   0.1242163E+01   0.1193823E+03  -0.6094483E+00   0.1082377E+01
 0.4860000E+02   0.1261015E+01   0.1145869E+03  -0.5246744E+00   0.1146680E+01
 0.4880000E+02   0.1271258E+01   0.1095194E+03  -0.4247610E+00   0.1198196E+01
 0.4900000E+02   0.1271346E+01   0.1042362E+03  -0.3126502E+00   0.1232303E+01
 0.4920000E+02   0.1260290E+01   0.9880994E+02  -0.1930227E+00   0.1245421E+01
 0.4940000E+02   0.1237875E+01   0.9332291E+02  -0.7175126E-01   0.1235794E+01
 0.4960000E+02   0.1204723E+01   0.8785845E+02   0.4501861E-01   0.1203881E+01
 0.4980000E+02   0.1162188E+01   0.8249137E+02   0.1518696E+00   0.1152223E+01
 0.5000000E+02   0.1112116E+01   0.7728051E+02   0.2448635E+00   0.1084824E+01
 0.5020000E+02   0.1056539E+01   0.7226446E+02   0.3218470E+00   0.1006324E+01
 0.5040000E+02   0.9974125E+00   0.6746064E+02   0.3823262E+00   0.9212266E+00
 0.5060000E+02   0.9364366E+00   0.6286681E+02   0.4270718E+00   0.8333806E+00
 0.5080000E+02   0.8749611E+00   0.5846349E+02   0.4576412E+00   0.7457355E+00
 0.5100000E+02   0.8139680E+00   0.5421642E+02   0.4759476E+00   0.6603165E+00
 0.5120000E+02   0.7540963E+00   0.5007835E+02   0.4839333E+00   0.5783336E+00
 0.5140000E+02   0.6956879E+00   0.4599009E+02   0.4833520E+00   0.5003525E+00
 0.5160000E+02   0.6388473E+00   0.4188080E+02   0.4756444E+00   0.4264837E+00
 0.5180000E+02   0.5835079E+00   0.3766700E+02   0.4618906E+00   0.3565649E+00
 0.5200000E+02   0.5295052E+00   0.3324927E+02   0.4428215E+00   0.2903185E+00
 0.5220000E+02   0.4766535E+00   0.2850432E+02   0.4188741E+00   0.2274709E+00
 0.5240000E+02   0.4248222E+00   0.2326921E+02   0.3902667E+00   0.1678268E+00
 0.5260000E+02   0.3740166E+00   0.1731222E+02   0.3570727E+00   0.1112993E+00
 0.5280000E+02   0.3244831E+00   0.1028141E+02   0.3192729E+00   0.5791471E-01
 0.5300000E+02   0.2768958E+00   0.1616815E+01   0.2767856E+00   0.7812613E-02
 0.5320000E+02   0.2327326E+00  -0.9581901E+01   0.2294857E+00  -0.3874003E-01
 0.5340000E+02   0.1950033E+00  -0.2464685E+02   0.1772376E+00  -0.8132107E-01
 0.5360000E+02   0.1691989E+00  -0.4485014E+02   0.1199542E+00  -0.1193284E+00
 0.5380000E+02   0.1625611E+00  -0.6921681E+02   0.5768200E-01  -0.1519833E+00
 0.5400000E+02   0.1786235E+00  -0.9298800E+02  -0.9311087E-02  -0.1783807E+00
 0.5420000E+02   0.2133457E+00  -0.1121604E+03  -0.8047407E-01  -0.1975862E+00
 0.5440000E+02   0.2599906E+00  -0.1265869E+03  -0.1549651E+00  -0.2087604E+00
 0.5460000E+02   0.3135695E+00  -0.1376407E+03  -0.2317071E+00  -0.2112763E+00
 0.5480000E+02   0.3711184E+00  -0.1465067E+03  -0.3094945E+00  -0.2047975E+00
 0.5500000E+02   0.4309283E+00  -0.1539424E+03  -0.3871256E+00  -0.1892959E+00
 0.5520000E+02   0.4920189E+00  -0.1604055E+03  -0.4635260E+00  -0.1650038E+00
 0.5540000E+02   0.5538716E+00  -0.1661791E+03  -0.5378355E+00  -0.1323132E+00
 0.5560000E+02   0.6162880E+00  -0.1714483E+03  -0.6094362E+00  -0.9164292E-01
 0.5580000E+02   0.6792915E+00  -0.1763451E+03  -0.6779099E+00  -0.4330236E-01
 0.5600000E+02   0.7430332E+00   0.1790275E+03  -0.7429261E+00   0.1261141E-01
 0.5620000E+02   0.8076864E+00   0.1745830E+03  -0.8040792E+00   0.7624924E-01
 0.5640000E+02   0.8733374E+00   0.1702465E+03  -0.8607139E+00   0.1479520E+00
 0.5660000E+02   0.9398894E+00   0.1659549E+03  -0.9117915E+00   0.2280974E+00
 0.5680000E+02   0.1007005E+01   0.1616588E+03  -0.9558482E+00   0.3168799E+00
 0.5700000E+02   0.1074103E+01   0.1573242E+03  -0.9910760E+00   0.4140835E+00
 0.5720000E+02   0.1140416E+01   0.1529335E+03  -0.1015516E+01   0.5189164E+00
 0.5740000E+02   0.1205086E+01   0.1484829E+03  -0.1027317E+01   0.6299621E+00
 0.5760000E+02   0.1267274E+01   0.1439789E+03  -0.1024972E+01   0.7452625E+00
 0.5780000E+02   0.1326248E+01   0.1394336E+03  -0.1007489E+01   0.8624971E+00
 0.5800000E+02   0.1381430E+01   0.1348605E+03  -0.9744370E+00   0.9791940E+00
 0.5820000E+02   0.1432395E+01   0.1302711E+03  -0.9259074E+00   0.1092909E+01
 0.5840000E+02   0.1478846E+01   0.1256739E+03  -0.8624211E+00   0.1201339E+01
 0.5860000E+02   0.1520582E+01   0.1210739E+03  -0.7848379E+00   0.1302382E+01
 0.5880000E+02   0.1557466E+01   0.1164729E+03  -0.6942792E+00   0.1394158E+01
 0.5900000E+02   0.1589416E+01   0.1118700E+03  -0.5920603E+00   0.1475028E+01
 0.5920000E+02   0.1616389E+01   0.1072608E+03  -0.4796166E+00   0.1543594E+01
 0.5940000E+02   0.1638347E+01   0.1026369E+03  -0.3584247E+00   0.1598659E+01
 0.5960000E+02   0.1655197E+01   0.9798566E+02  -0.2299487E+00   0.1639146E+01
 0.5980000E+02   0.1666715E+01   0.9329012E+02  -0.9565600E-01   0.1663967E+01
 0.6000000E+02   0.1672460E+01   0.8853134E+02   0.4286527E-01   0.1671910E+01
 0.6020000E+02   0.1671733E+01   0.8369148E+02   0.1836934E+00   0.1661610E+01
 0.6040000E+02   0.1663585E+01   0.7875796E+02   0.3243226E+00   0.1631665E+01
 0.6060000E+02   0.1646908E+01   0.7372755E+02   0.4614721E+00   0.1580933E+01
 0.6080000E+02   0.1620580E+01   0.6860957E+02   0.5910600E+00   0.1508949E+01
 0.6100000E+02   0.1583662E+01   0.6342766E+02   0.7084152E+00   0.1416380E+01
 0.6120000E+02   0.1535583E+01   0.5821978E+02   0.8087335E+00   0.1305360E+01
 0.6140000E+02   0.1476294E+01   0.5303688E+02   0.8876970E+00   0.1179593E+01
 0.6160000E+02   0.1406344E+01   0.4794046E+02   0.9421131E+00   0.1044138E+01
 0.6180000E+02   0.1326859E+01   0.4299997E+02   0.9704034E+00   0.9049148E+00
 0.6200000E+02   0.1239453E+01   0.3829078E+02   0.9728172E+00   0.7680307E+00
 0.6220000E+02   0.1146077E+01   0.3389354E+02   0.9513298E+00   0.6391114E+00
 0.6240000E+02   0.1048846E+01   0.2989570E+02   0.9092808E+00   0.5227689E+00
 0.6260000E+02   0.9499072E+00   0.2639596E+02   0.8508728E+00   0.4223022E+00
 0.6280000E+02   0.8513389E+00   0.2351189E+02   0.7806585E+00   0.3396326E+00
 0.6300000E+02   0.7551312E+00   0.2139098E+02   0.7031126E+00   0.2754192E+00
 0.6320000E+02   0.6632196E+00   0.2022459E+02   0.6223286E+00   0.2292757E+00
 0.6340000E+02   0.5775766E+00   0.2026161E+02   0.5418368E+00   0.2000189E+00
 0.6360000E+02   0.5003378E+00   0.2181217E+02   0.4645171E+00   0.1859080E+00
 0.6380000E+02   0.4339216E+00   0.2521467E+02   0.3925767E+00   0.1848553E+00
 0.6400000E+02   0.3810174E+00   0.3071401E+02   0.3275711E+00   0.1946058E+00
 0.6420000E+02   0.3441894E+00   0.3820770E+02   0.2704550E+00   0.2128860E+00
 0.6440000E+02   0.3248802E+00   0.4697949E+02   0.2216528E+00   0.2375230E+00
 0.6460000E+02   0.3222646E+00   0.5579921E+02   0.1811433E+00   0.2665363E+00
 0.6480000E+02   0.3331540E+00   0.6351957E+02   0.1485507E+00   0.2982017E+00
 0.6500000E+02   0.3532847E+00   0.6958375E+02   0.1232391E+00   0.3310924E+00
 0.6520000E+02   0.3787699E+00   0.7399973E+02   0.1044049E+00   0.3640965E+00
 0.6540000E+02   0.4067610E+00   0.7704847E+02   0.9116602E-01   0.3964130E+00
 0.6560000E+02   0.4354411E+00   0.7905959E+02   0.8264148E-01   0.4275270E+00
 0.6580000E+02   0.4637763E+00   0.8031562E+02   0.7801672E-01   0.4571672E+00
 0.6600000E+02   0.4912563E+00   0.8103068E+02   0.7658956E-01   0.4852492E+00
 0.6620000E+02   0.5176925E+00   0.8135747E+02   0.7779326E-01   0.5118142E+00
 0.6640000E+02   0.5430745E+00   0.8140124E+02   0.8119719E-01   0.5369701E+00
 0.6660000E+02   0.5674738E+00   0.8123333E+02   0.8648918E-01   0.5608442E+00
 0.6680000E+02   0.5909852E+00   0.8090223E+02   0.9344634E-01   0.5835506E+00
 0.6700000E+02   0.6136959E+00   0.8044196E+02   0.1019022E+00   0.6051765E+00
 0.6720000E+02   0.6356768E+00   0.7987796E+02   0.1117173E+00   0.6257829E+00
 0.6740000E+02   0.6569879E+00   0.7923088E+02   0.1227594E+00   0.6454171E+00
 0.6760000E+02   0.6776922E+00   0.7851859E+02   0.1348946E+00   0.6641312E+00
 0.6780000E+02   0.6978719E+00   0.7775683E+02   0.1479915E+00   0.6819998E+00
 0.6800000E+02   0.7176411E+00   0.7695891E+02   0.1619355E+00   0.6991320E+00
 0.6820000E+02   0.7371526E+00   0.7613490E+02   0.1766489E+00   0.7156739E+00
 0.6840000E+02   0.7565963E+00   0.7529065E+02   0.1921118E+00   0.7317999E+00
 0.6860000E+02   0.7761877E+00   0.7442700E+02   0.2083800E+00   0.7476932E+00
 0.6880000E+02   0.7961494E+00   0.7353943E+02   0.2255933E+00   0.7635191E+00
 0.6900000E+02   0.8166868E+00   0.7261831E+02   0.2439736E+00   0.7793935E+00
 0.6920000E+02   0.8379622E+00   0.7164977E+02   0.2638111E+00   0.7953517E+00
 0.6940000E+02   0.8600700E+00   0.7061716E+02   0.2854388E+00   0.8113231E+00
 0.6960000E+02   0.8830172E+00   0.6950286E+02   0.3091979E+00   0.8271130E+00
 0.6980000E+02   0.9067108E+00   0.6829027E+02   0.3353965E+00   0.8423976E+00
 0.7000000E+02   0.9309564E+00   0.6696568E+02   0.3642670E+00   0.8567318E+00
 0.7020000E+02   0.9554654E+00   0.6551974E+02   0.3959255E+00   0.8695730E+00
 0.7040000E+02   0.9798729E+00   0.6394844E+02   0.4303404E+00   0.8803170E+00
 0.7060000E+02   0.1003761E+01   0.6225340E+02   0.4673131E+00   0.8883442E+00
 0.7080000E+02   0.1026690E+01   0.6044175E+02   0.5064746E+00   0.8930710E+00
 0.7100000E+02   0.1048223E+01   0.5852545E+02   0.5472980E+00   0.8940001E+00
 0.7120000E+02   0.1067958E+01   0.5652050E+02   0.5891270E+00   0.8907659E+00
 0.7140000E+02   0.1085551E+01   0.5444592E+02   0.6312165E+00   0.8831683E+00
 0.7160000E+02   0.1100734E+01   0.5232282E+02   0.6727818E+00   0.8711948E+00
 0.7180000E+02   0.1113335E+01   0.5017344E+02   0.7130528E+00   0.8550264E+00
 0.7200000E+02   0.1123284E+01   0.4802022E+02   0.7513293E+00   0.8350281E+00
 0.7220000E+02   0.1130624E+01   0.4588482E+02   0.7870309E+00   0.8117224E+00
 0.7240000E+02   0.1135505E+01   0.4378713E+02   0.8197391E+00   0.7857481E+00
 0.7260000E+02   0.1138179E+01   0.4174419E+02   0.8492239E+00   0.7578066E+00
 0.7280000E+02   0.1138981E+01   0.3976916E+02   0.8754523E+00   0.7286015E+00
 0.7300000E+02   0.1138301E+01   0.3787044E+02   0.8985760E+00   0.6987780E+00
 0.7320000E+02   0.1136558E+01   0.3605099E+02   0.9188998E+00   0.6688700E+00
 0.7340000E+02   0.1134157E+01   0.3430818E+02   0.9368342E+00   0.6392610E+00
 0.7360000E+02   0.1131458E+01   0.3263402E+02   0.9528378E+00   0.6101625E+00
 0.7380000E+02   0.1128740E+01   0.3101605E+02   0.9673563E+00   0.5816152E+00
 0.7400000E+02   0.1126177E+01   0.2943881E+02   0.9807659E+00   0.5535087E+00
 0.7420000E+02   0.1123823E+01   0.2788565E+02   0.9933278E+00   0.5256215E+00
 0.7440000E+02   0.1121617E+01   0.2634087E+02   0.1005159E+01   0.4976732E+00
 0.7460000E+02   0.1119393E+01   0.2479168E+02   0.1016228E+01   0.4693842E+00
 0.7480000E+02   0.1116914E+01   0.2322976E+02   0.1026366E+01   0.4405323E+00
 0.7500000E+02   0.1113905E+01   0.2165214E+02   0.1035309E+01   0.4109980E+00
 0.7520000E+02   0.1110096E+01   0.2006133E+02   0.1042742E+01   0.3807913E+00
 0.7540000E+02   0.1105256E+01   0.1846462E+02   0.1048357E+01   0.3500555E+00
 0.7560000E+02   0.1099221E+01   0.1687296E+02   0.1051900E+01   0.3190494E+00
 0.7580000E+02   0.1091900E+01   0.1529957E+02   0.1053203E+01   0.2881152E+00
 0.7600000E+02   0.1083284E+01   0.1375864E+02   0.1052200E+01   0.2576399E+00
 0.7620000E+02   0.1073424E+01   0.1226439E+02   0.1048927E+01   0.2280201E+00
 0.7640000E+02   0.1062431E+01   0.1083054E+02   0.1043506E+01   0.1996361E+00
 0.7660000E+02   0.1050453E+01   0.9470235E+01   0.1036137E+01   0.1728365E+00
 0.7680000E+02   0.1037674E+01   0.8196112E+01   0.1027075E+01   0.1479327E+00
 0.7700000E+02   0.1024313E+01   0.7020478E+01   0.1016633E+01   0.1251957E+00
 0.7720000E+02   0.1010626E+01   0.5955191E+01   0.1005172E+01   0.1048531E+00
 0.7740000E+02   0.9969171E+00   0.5011178E+01   0.9931065E+00   0.8708081E-01
 0.7760000E+02   0.9835373E+00   0.4197470E+01   0.9808992E+00   0.7198918E-01
 0.7780000E+02   0.9708883E+00   0.3519788E+01   0.9690568E+00   0.5960600E-01
 0.7800000E+02   0.9594102E+00   0.2978864E+01   0.9581138E+00   0.4985820E-01
 0.7820000E+02   0.9495629E+00   0.2568751E+01   0.9486087E+00   0.4255764E-01
 0.7840000E+02   0.9417977E+00   0.2275528E+01   0.9410550E+00   0.3739410E-01
 0.7860000E+02   0.9365227E+00   0.2076780E+01   0.9359076E+00   0.3393838E-01
 0.7880000E+02   0.9340676E+00   0.1942173E+01   0.9335310E+00   0.3165632E-01
 0.7900000E+02   0.9346524E+00   0.1835229E+01   0.9341730E+00   0.2993254E-01
 0.7920000E+02   0.9383665E+00   0.1716100E+01   0.9379456E+00   0.2810137E-01
 0.7940000E+02   0.9451609E+00   0.1544866E+01   0.9448173E+00   0.2548128E-01
 0.7960000E+02   0.9548546E+00   0.1284758E+01   0.9546145E+00   0.2140916E-01
 0.7980000E+02   0.9671525E+00   0.9047347E+00   0.9670319E+00   0.1527128E-01
 0.8000000E+02   0.9816710E+00   0.3810778E+00   0.9816493E+00   0.6529107E-02
 0.8020000E+02   0.9979664E+00  -0.3020496E+00   0.9979526E+00  -0.5261015E-02
 0.8040000E+02   0.1015562E+01  -0.1152919E+01   0.1015357E+01  -0.2043400E-01
 0.8060000E+02   0.1033972E+01  -0.2173135E+01   0.1033229E+01  -0.3920748E-01
 0.8080000E+02   0.1052721E+01  -0.3358827E+01   0.1050913E+01  -0.6167790E-01
 0.8100000E+02   0.1071357E+01  -0.4701894E+01   0.1067751E+01  -0.8782069E-01
 0.8120000E+02   0.1089463E+01  -0.6191166E+01   0.1083109E+01  -0.1174943E+00
 0.8140000E+02   0.1106665E+01  -0.7813403E+01   0.1096391E+01  -0.1504481E+00
 0.8160000E+02   0.1122635E+01  -0.9554115E+01   0.1107064E+01  -0.1863340E+00
 0.8180000E+02   0.1137096E+01  -0.1139821E+02   0.1114670E+01  -0.2247206E+00
 0.8200000E+02   0.1149821E+01  -0.1333048E+02   0.1118841E+01  -0.2651113E+00
 0.8220000E+02   0.1160633E+01  -0.1533598E+02   0.1119305E+01  -0.3069628E+00
 0.8240000E+02   0.1169403E+01  -0.1740028E+02   0.1115890E+01  -0.3497047E+00
 0.8260000E+02   0.1176048E+01  -0.1950962E+02   0.1108526E+01  -0.3927589E+00
 0.8280000E+02   0.1180527E+01  -0.2165098E+02   0.1097239E+01  -0.4355576E+00
 0.8300000E+02   0.1182839E+01  -0.2381216E+02   0.1082148E+01  -0.4775588E+00
 0.8320000E+02   0.1183015E+01  -0.2598176E+02   0.1063452E+01  -0.5182610E+00
 0.8340000E+02   0.1181119E+01  -0.2814912E+02   0.1041420E+01  -0.5572141E+00
 0.8360000E+02   0.1177243E+01  -0.3030433E+02   0.1016382E+01  -0.5940286E+00
 0.8380000E+02   0.1171503E+01  -0.3243820E+02   0.9887144E+00  -0.6283823E+00
 0.8400000E+02   0.1164038E+01  -0.3454218E+02   0.9588283E+00  -0.6600244E+00
 0.8420000E+02   0.1155003E+01  -0.3660841E+02   0.9271555E+00  -0.6887777E+00
 0.8440000E+02   0.1144573E+01  -0.3862964E+02   0.8941379E+00  -0.7145385E+00
 0.8460000E+02   0.1132938E+01  -0.4059931E+02   0.8602159E+00  -0.7372762E+00
 0.8480000E+02   0.1120300E+01  -0.4251160E+02   0.8258183E+00  -0.7570307E+00
 0.8500000E+02   0.1106876E+01  -0.4436162E+02   0.7913511E+00  -0.7739104E+00
 0.8520000E+02   0.1092893E+01  -0.4614560E+02   0.7571869E+00  -0.7880881E+00
 0.8540000E+02   0.1078586E+01  -0.4786124E+02   0.7236539E+00  -0.7997953E+00
 0.8560000E+02   0.1064192E+01  -0.4950801E+02   0.6910241E+00  -0.8093143E+00
 0.8580000E+02   0.1049943E+01  -0.5108749E+02   0.6595039E+00  -0.8169672E+00
 0.8600000E+02   0.1036060E+01  -0.5260367E+02   0.6292254E+00  -0.8231019E+00
 0.8620000E+02   0.1022742E+01  -0.5406305E+02   0.6002416E+00  -0.8280763E+00
 0.8640000E+02   0.1010153E+01  -0.5547469E+02   0.5725246E+00  -0.8322405E+00
 0.8660000E+02   0.9984200E+00  -0.5684999E+02   0.5459690E+00  -0.8359189E+00
 0.8680000E+02   0.9876201E+00  -0.5820233E+02   0.5203980E+00  -0.8393923E+00
 0.8700000E+02   0.9777756E+00  -0.5954647E+02   0.4955752E+00  -0.8428822E+00
 0.8720000E+02   0.9688508E+00  -0.6089781E+02   0.4712187E+00  -0.8465369E+00
 0.8740000E+02   0.9607511E+00  -0.6227154E+02   0.4470200E+00  -0.8504210E+00
 0.8760000E+02   0.9533268E+00  -0.6368164E+02   0.4226655E+00  -0.8545092E+00
 0.8780000E+02   0.9463793E+00  -0.6514005E+02   0.3978594E+00  -0.8586860E+00
 0.8800000E+02   0.9396716E+00  -0.6665581E+02   0.3723484E+00  -0.8627510E+00
 0.8820000E+02   0.9329423E+00  -0.6823447E+02   0.3459436E+00  -0.8664319E+00
 0.8840000E+02   0.9259205E+00  -0.6987772E+02   0.3185396E+00  -0.8694029E+00
 0.8860000E+02   0.9183426E+00  -0.7158329E+02   0.2901281E+00  -0.8713087E+00
 0.8880000E+02   0.9099677E+00  -0.7334502E+02   0.2608039E+00  -0.8717927E+00
 0.8900000E+02   0.9005917E+00  -0.7515323E+02   0.2307631E+00  -0.8705250E+00
 0.8920000E+02   0.8900595E+00  -0.7699514E+02   0.2002934E+00  -0.8672304E+00
 0.8940000E+02   0.8782732E+00  -0.7885549E+02   0.1697563E+00  -0.8617115E+00
 0.8960000E+02   0.8651978E+00  -0.8071712E+02   0.1395641E+00  -0.8538671E+00
 0.8980000E+02   0.8508632E+00  -0.8256165E+02   0.1101521E+00  -0.8437029E+00
 0.9000000E+02   0.8353632E+00  -0.8437020E+02   0.8194955E-01  -0.8313338E+00
 0.9020000E+02   0.8188516E+00  -0.8612409E+02   0.5535087E-01  -0.8169787E+00
 0.9040000E+02   0.8015354E+00  -0.8780566E+02   0.3069012E-01  -0.8009476E+00
 0.9060000E+02   0.7836657E+00  -0.8939901E+02   0.8219883E-02  -0.7836226E+00
 0.9080000E+02   0.7655268E+00  -0.9089095E+02  -0.1190348E-01  -0.7654342E+00
 0.9100000E+02   0.7474230E+00  -0.9227179E+02  -0.2962776E-01  -0.7468355E+00
 0.9120000E+02   0.7296650E+00  -0.9353625E+02  -0.4500579E-01  -0.7282757E+00
 0.9140000E+02   0.7125549E+00  -0.9468419E+02  -0.5818975E-01  -0.7101749E+00
 0.9160000E+02   0.6963711E+00  -0.9572120E+02  -0.6941976E-01  -0.6929023E+00
 0.9180000E+02   0.6813538E+00  -0.9665885E+02  -0.7900799E-01  -0.6767575E+00
 0.9200000E+02   0.6676918E+00  -0.9751455E+02  -0.8731932E-01  -0.6619574E+00
 0.9220000E+02   0.6555117E+00  -0.9831086E+02  -0.9475010E-01  -0.6486278E+00
 0.9240000E+02   0.6448709E+00  -0.9907431E+02  -0.1017061E+00  -0.6368001E+00
 0.9260000E+02   0.6357542E+00  -0.9983376E+02  -0.1085805E+00  -0.6264134E+00
 0.9280000E+02   0.6280762E+00  -0.1006184E+03  -0.1157340E+00  -0.6173211E+00
 0.9300000E+02   0.6216879E+00  -0.1014560E+03  -0.1234763E+00  -0.6093024E+00
 0.9320000E+02   0.6163875E+00  -0.1023706E+03  -0.1320517E+00  -0.6020763E+00
 0.9340000E+02   0.6119348E+00  -0.1033820E+03  -0.1416281E+00  -0.5953198E+00
 0.9360000E+02   0.6080666E+00  -0.1045042E+03  -0.1522908E+00  -0.5886871E+00
 0.9380000E+02   0.6045120E+00  -0.1057453E+03  -0.1640409E+00  -0.5818293E+00
 0.9400000E+02   0.6010072E+00  -0.1071078E+03  -0.1767986E+00  -0.5744144E+00
 0.9420000E+02   0.5973081E+00  -0.1085893E+03  -0.1904111E+00  -0.5661454E+00
 0.9440000E+02   0.5931997E+00  -0.1101828E+03  -0.2046641E+00  -0.5567751E+00
 0.9460000E+02   0.5885035E+00  -0.1118782E+03  -0.2192971E+00  -0.5461183E+00
 0.9480000E+02   0.5830823E+00  -0.1136626E+03  -0.2340203E+00  -0.5340594E+00
 0.9500000E+02   0.5768416E+00  -0.1155216E+03  -0.2485329E+00  -0.5205552E+00
 0.9520000E+02   0.5697307E+00  -0.1174398E+03  -0.2625409E+00  -0.5056337E+00
 0.9540000E+02   0.5617399E+00  -0.1194016E+03  -0.2757742E+00  -0.4893876E+00
 0.9560000E+02   0.5528972E+00  -0.1213923E+03  -0.2880010E+00  -0.4719648E+00
 0.9580000E+02   0.5432637E+00  -0.1233978E+03  -0.2990384E+00  -0.4535542E+00
 0.9600000E+02   0.5329267E+00  -0.1254059E+03  -0.3087594E+00  -0.4343714E+00
 0.9620000E+02   0.5219931E+00  -0.1274068E+03  -0.3170950E+00  -0.4146415E+00
 0.9640000E+02   0.5105810E+00  -0.1293928E+03  -0.3240318E+00  -0.3945837E+00
 0.9660000E+02   0.4988120E+00  -0.1313595E+03  -0.3296055E+00  -0.3743977E+00
 0.9680000E+02   0.4868032E+00  -0.1333051E+03  -0.3338903E+00  -0.3542522E+00
 0.9700000E+02   0.4746606E+00  -0.1352312E+03  -0.3369875E+00  -0.3342785E+00
 0.9720000E+02   0.4624731E+00  -0.1371420E+03  -0.3390118E+00  -0.3145669E+00
 0.9740000E+02   0.4503089E+00  -0.1390440E+03  -0.3400791E+00  -0.2951683E+00
 0.9760000E+02   0.4382137E+00  -0.1409459E+03  -0.3402955E+00  -0.2760982E+00
 0.9780000E+02   0.4262106E+00  -0.1428578E+03  -0.3397491E+00  -0.2573441E+00
 0.9800000E+02   0.4143016E+00  -0.1447904E+03  -0.3385042E+00  -0.2388739E+00
 0.9820000E+02   0.4024712E+00  -0.1467548E+03  -0.3365995E+00  -0.2206442E+00
 0.9840000E+02   0.3906897E+00  -0.1487620E+03  -0.3340478E+00  -0.2026092E+00
 0.9860000E+02   0.3789174E+00  -0.1508227E+03  -0.3308384E+00  -0.1847276E+00
 0.9880000E+02   0.3671086E+00  -0.1529468E+03  -0.3269412E+00  -0.1669676E+00
 0.9900000E+02   0.3552149E+00  -0.1551440E+03  -0.3223102E+00  -0.1493109E+00
 0.9920000E+02   0.3431879E+00  -0.1574236E+03  -0.3168888E+00  -0.1317552E+00
 0.9940000E+02   0.3309808E+00  -0.1597949E+03  -0.3106130E+00  -0.1143147E+00
 0.9960000E+02   0.3185501E+00  -0.1622677E+03  -0.3034158E+00  -0.9702063E-01
 0.9980000E+02   0.3058556E+00  -0.1648526E+03  -0.2952292E+00  -0.7992118E-01
 0.1000000E+03   0.2928616E+00  -0.1675613E+03  -0.2859873E+00  -0.6308095E-01
