  Freq              AMPL              PHASE          REAL          IMAG
 0.2099800E+00   0.1000004E+01  -0.1562810E-04   0.1000004E+01  -0.2727628E-06
 0.2099800E+00   0.1000004E+01  -0.1562810E-04   0.1000004E+01  -0.2727628E-06
 0.4000000E+00   0.1000013E+01  -0.5834094E-04   0.1000013E+01  -0.1018255E-05
 0.6000000E+00   0.1000030E+01  -0.1325987E-03   0.1000030E+01  -0.2314354E-05
 0.8000000E+00   0.1000053E+01  -0.2391466E-03   0.1000053E+01  -0.4174118E-05
 0.1000000E+01   0.1000083E+01  -0.3795643E-03   0.1000083E+01  -0.6625196E-05
 0.1200000E+01   0.1000120E+01  -0.5554995E-03   0.1000120E+01  -0.9696455E-05
 0.1400000E+01   0.1000163E+01  -0.7686900E-03   0.1000163E+01  -0.1341836E-04
 0.1600000E+01   0.1000213E+01  -0.1021006E-02   0.1000213E+01  -0.1782371E-04
 0.1800000E+01   0.1000270E+01  -0.1314544E-02   0.1000270E+01  -0.2294931E-04
 0.2000000E+01   0.1000333E+01  -0.1651806E-02   0.1000333E+01  -0.2883905E-04
 0.2200000E+01   0.1000404E+01  -0.2035360E-02   0.1000404E+01  -0.3553809E-04
 0.2400000E+01   0.1000482E+01  -0.2444185E-02   0.1000482E+01  -0.4267964E-04
 0.2600000E+01   0.1000572E+01  -0.3354108E-02   0.1000572E+01  -0.5857372E-04
 0.2800000E+01   0.1000650E+01  -0.3707910E-02   0.1000650E+01  -0.6475732E-04
 0.3000000E+01   0.1000750E+01  -0.4111387E-02   0.1000750E+01  -0.7181108E-04
 0.3200000E+01   0.1000857E+01  -0.4724580E-02   0.1000857E+01  -0.8253017E-04
 0.3400000E+01   0.1000972E+01  -0.5463378E-02   0.1000972E+01  -0.9544662E-04
 0.3600000E+01   0.1001095E+01  -0.6450721E-02   0.1001095E+01  -0.1127096E-03
 0.3800000E+01   0.1001219E+01  -0.7880038E-02   0.1001219E+01  -0.1377003E-03
 0.4000000E+01   0.1001335E+01  -0.8673860E-02   0.1001335E+01  -0.1515894E-03
 0.4200000E+01   0.1001477E+01  -0.9003095E-02   0.1001477E+01  -0.1573657E-03
 0.4400000E+01   0.1001629E+01  -0.9839754E-02   0.1001629E+01  -0.1720159E-03
 0.4600000E+01   0.1001788E+01  -0.1087098E-01   0.1001788E+01  -0.1900737E-03
 0.4800000E+01   0.1001955E+01  -0.1201380E-01   0.1001955E+01  -0.2100901E-03
 0.5000000E+01   0.1002129E+01  -0.1325256E-01   0.1002129E+01  -0.2317931E-03
 0.5200000E+01   0.1002311E+01  -0.1458619E-01   0.1002311E+01  -0.2551653E-03
 0.5400000E+01   0.1002502E+01  -0.1601864E-01   0.1002502E+01  -0.2802774E-03
 0.5600000E+01   0.1002701E+01  -0.1755719E-01   0.1002701E+01  -0.3072586E-03
 0.5800000E+01   0.1002910E+01  -0.1921333E-01   0.1002910E+01  -0.3363118E-03
 0.6000000E+01   0.1003129E+01  -0.2100665E-01   0.1003129E+01  -0.3677825E-03
 0.6200000E+01   0.1003358E+01  -0.2297675E-01   0.1003358E+01  -0.4023666E-03
 0.6400000E+01   0.1003598E+01  -0.2522183E-01   0.1003598E+01  -0.4417879E-03
 0.6600000E+01   0.1003848E+01  -0.2799768E-01   0.1003848E+01  -0.4905322E-03
 0.6800000E+01   0.1004095E+01  -0.3119772E-01   0.1004094E+01  -0.5467324E-03
 0.7000000E+01   0.1004351E+01  -0.3375176E-01   0.1004351E+01  -0.5916423E-03
 0.7200000E+01   0.1004610E+01  -0.3661106E-01   0.1004610E+01  -0.6419294E-03
 0.7400000E+01   0.1004891E+01  -0.3846117E-01   0.1004891E+01  -0.6745572E-03
 0.7600000E+01   0.1005199E+01  -0.4090226E-01   0.1005199E+01  -0.7175908E-03
 0.7800000E+01   0.1005524E+01  -0.4401256E-01   0.1005524E+01  -0.7724076E-03
 0.8000000E+01   0.1005865E+01  -0.4766939E-01   0.1005865E+01  -0.8368674E-03
 0.8200000E+01   0.1006224E+01  -0.5190416E-01   0.1006224E+01  -0.9115368E-03
 0.8400000E+01   0.1006604E+01  -0.5687031E-01   0.1006604E+01  -0.9991293E-03
 0.8600000E+01   0.1007010E+01  -0.6286792E-01   0.1007009E+01  -0.1104943E-02
 0.8800000E+01   0.1007444E+01  -0.7043974E-01   0.1007443E+01  -0.1238557E-02
 0.9000000E+01   0.1007909E+01  -0.8043924E-01   0.1007908E+01  -0.1415033E-02
 0.9200000E+01   0.1008406E+01  -0.9397266E-01   0.1008405E+01  -0.1653919E-02
 0.9400000E+01   0.1008932E+01  -0.1140071E+00   0.1008930E+01  -0.2007571E-02
 0.9600000E+01   0.1009438E+01  -0.1438051E+00   0.1009435E+01  -0.2533559E-02
 0.9800000E+01   0.1009809E+01  -0.1921088E+00   0.1009803E+01  -0.3385813E-02
 0.1000000E+02   0.1009467E+01  -0.2572212E+00   0.1009457E+01  -0.4531843E-02
 0.1020000E+02   0.1008125E+01  -0.2758052E+00   0.1008113E+01  -0.4852801E-02
 0.1040000E+02   0.1007228E+01  -0.2134550E+00   0.1007221E+01  -0.3752412E-02
 0.1060000E+02   0.1007559E+01  -0.1363156E+00   0.1007556E+01  -0.2397138E-02
 0.1080000E+02   0.1008583E+01  -0.9334442E-01   0.1008582E+01  -0.1643150E-02
 0.1100000E+02   0.1009626E+01  -0.8143554E-01   0.1009625E+01  -0.1434999E-02
 0.1120000E+02   0.1010540E+01  -0.8355825E-01   0.1010539E+01  -0.1473738E-02
 0.1140000E+02   0.1011329E+01  -0.9296698E-01   0.1011328E+01  -0.1640962E-02
 0.1160000E+02   0.1012004E+01  -0.1039413E+00   0.1012002E+01  -0.1835893E-02
 0.1180000E+02   0.1012628E+01  -0.1137175E+00   0.1012626E+01  -0.2009806E-02
 0.1200000E+02   0.1013243E+01  -0.1225635E+00   0.1013241E+01  -0.2167465E-02
 0.1220000E+02   0.1013867E+01  -0.1310914E+00   0.1013864E+01  -0.2319702E-02
 0.1240000E+02   0.1014505E+01  -0.1396941E+00   0.1014502E+01  -0.2473485E-02
 0.1260000E+02   0.1015161E+01  -0.1486179E+00   0.1015158E+01  -0.2633196E-02
 0.1280000E+02   0.1015838E+01  -0.1580520E+00   0.1015834E+01  -0.2802215E-02
 0.1300000E+02   0.1016539E+01  -0.1681872E+00   0.1016534E+01  -0.2983964E-02
 0.1320000E+02   0.1017265E+01  -0.1792645E+00   0.1017260E+01  -0.3182767E-02
 0.1340000E+02   0.1018019E+01  -0.1916341E+00   0.1018013E+01  -0.3404906E-02
 0.1360000E+02   0.1018800E+01  -0.2058389E+00   0.1018794E+01  -0.3660099E-02
 0.1380000E+02   0.1019603E+01  -0.2226903E+00   0.1019596E+01  -0.3962861E-02
 0.1400000E+02   0.1020407E+01  -0.2430767E+00   0.1020398E+01  -0.4329051E-02
 0.1420000E+02   0.1021167E+01  -0.2667624E+00   0.1021156E+01  -0.4754419E-02
 0.1440000E+02   0.1021856E+01  -0.2912861E+00   0.1021843E+01  -0.5194994E-02
 0.1460000E+02   0.1022468E+01  -0.3146659E+00   0.1022452E+01  -0.5615319E-02
 0.1480000E+02   0.1022980E+01  -0.3319428E+00   0.1022963E+01  -0.5926598E-02
 0.1500000E+02   0.1023540E+01  -0.3366186E+00   0.1023522E+01  -0.6013365E-02
 0.1520000E+02   0.1024323E+01  -0.3354404E+00   0.1024305E+01  -0.5996904E-02
 0.1540000E+02   0.1025297E+01  -0.3374234E+00   0.1025279E+01  -0.6038094E-02
 0.1560000E+02   0.1026375E+01  -0.3446597E+00   0.1026356E+01  -0.6174065E-02
 0.1580000E+02   0.1027510E+01  -0.3562238E+00   0.1027490E+01  -0.6388272E-02
 0.1600000E+02   0.1028687E+01  -0.3710680E+00   0.1028666E+01  -0.6662100E-02
 0.1620000E+02   0.1029905E+01  -0.3885891E+00   0.1029881E+01  -0.6984928E-02
 0.1640000E+02   0.1031163E+01  -0.4084349E+00   0.1031137E+01  -0.7350620E-02
 0.1660000E+02   0.1032463E+01  -0.4303042E+00   0.1032434E+01  -0.7753960E-02
 0.1680000E+02   0.1033810E+01  -0.4539179E+00   0.1033778E+01  -0.8190135E-02
 0.1700000E+02   0.1035214E+01  -0.4791983E+00   0.1035177E+01  -0.8657999E-02
 0.1720000E+02   0.1036681E+01  -0.5063948E+00   0.1036640E+01  -0.9162333E-02
 0.1740000E+02   0.1038217E+01  -0.5357906E+00   0.1038172E+01  -0.9708547E-02
 0.1760000E+02   0.1039826E+01  -0.5675763E+00   0.1039775E+01  -0.1030042E-01
 0.1780000E+02   0.1041512E+01  -0.6019197E+00   0.1041454E+01  -0.1094138E-01
 0.1800000E+02   0.1043282E+01  -0.6390125E+00   0.1043217E+01  -0.1163535E-01
 0.1820000E+02   0.1045143E+01  -0.6790773E+00   0.1045070E+01  -0.1238689E-01
 0.1840000E+02   0.1047104E+01  -0.7223644E+00   0.1047020E+01  -0.1320115E-01
 0.1860000E+02   0.1049173E+01  -0.7691466E+00   0.1049078E+01  -0.1408382E-01
 0.1880000E+02   0.1051361E+01  -0.8197217E+00   0.1051254E+01  -0.1504115E-01
 0.1900000E+02   0.1053685E+01  -0.8744423E+00   0.1053562E+01  -0.1608061E-01
 0.1920000E+02   0.1056163E+01  -0.9338170E+00   0.1056023E+01  -0.1721277E-01
 0.1940000E+02   0.1058819E+01  -0.9987273E+00   0.1058659E+01  -0.1845543E-01
 0.1960000E+02   0.1061679E+01  -0.1070690E+01   0.1061494E+01  -0.1983851E-01
 0.1980000E+02   0.1064758E+01  -0.1151945E+01   0.1064543E+01  -0.2140576E-01
 0.2000000E+02   0.1068045E+01  -0.1244654E+01   0.1067793E+01  -0.2319965E-01
 0.2020000E+02   0.1071519E+01  -0.1349023E+01   0.1071222E+01  -0.2522648E-01
 0.2040000E+02   0.1075195E+01  -0.1463672E+01   0.1074844E+01  -0.2746383E-01
 0.2060000E+02   0.1079131E+01  -0.1587924E+01   0.1078717E+01  -0.2990377E-01
 0.2080000E+02   0.1083408E+01  -0.1722228E+01   0.1082919E+01  -0.3256078E-01
 0.2100000E+02   0.1088134E+01  -0.1867616E+01   0.1087556E+01  -0.3546261E-01
 0.2120000E+02   0.1093475E+01  -0.2026190E+01   0.1092791E+01  -0.3866123E-01
 0.2140000E+02   0.1099688E+01  -0.2203774E+01   0.1098875E+01  -0.4228700E-01
 0.2160000E+02   0.1107126E+01  -0.2415874E+01   0.1106142E+01  -0.4666809E-01
 0.2180000E+02   0.1116084E+01  -0.2694670E+01   0.1114849E+01  -0.5247102E-01
 0.2200000E+02   0.1126497E+01  -0.3085902E+01   0.1124863E+01  -0.6064283E-01
 0.2220000E+02   0.1137813E+01  -0.3629435E+01   0.1135531E+01  -0.7202725E-01
 0.2240000E+02   0.1149284E+01  -0.4347645E+01   0.1145976E+01  -0.8712480E-01
 0.2260000E+02   0.1160187E+01  -0.5254241E+01   0.1155312E+01  -0.1062445E+00
 0.2280000E+02   0.1169808E+01  -0.6363207E+01   0.1162601E+01  -0.1296507E+00
 0.2300000E+02   0.1177319E+01  -0.7697031E+01   0.1166712E+01  -0.1576841E+00
 0.2320000E+02   0.1181418E+01  -0.9289966E+01   0.1165922E+01  -0.1907175E+00
 0.2340000E+02   0.1179861E+01  -0.1117281E+02   0.1157499E+01  -0.2286203E+00
 0.2360000E+02   0.1169242E+01  -0.1333570E+02   0.1137714E+01  -0.2696927E+00
 0.2380000E+02   0.1145447E+01  -0.1566853E+02   0.1102882E+01  -0.3093528E+00
 0.2400000E+02   0.1105439E+01  -0.1789483E+02   0.1051960E+01  -0.3396690E+00
 0.2420000E+02   0.1050327E+01  -0.1956379E+02   0.9896907E+00  -0.3517085E+00
 0.2440000E+02   0.9874223E+00  -0.2019462E+02   0.9267209E+00  -0.3408680E+00
 0.2460000E+02   0.9279210E+00  -0.1955270E+02   0.8744116E+00  -0.3105509E+00
 0.2480000E+02   0.8810819E+00  -0.1782442E+02   0.8387891E+00  -0.2697001E+00
 0.2500000E+02   0.8503407E+00  -0.1549299E+02   0.8194420E+00  -0.2271434E+00
 0.2520000E+02   0.8340605E+00  -0.1305188E+02   0.8125134E+00  -0.1883586E+00
 0.2540000E+02   0.8284201E+00  -0.1082334E+02   0.8136832E+00  -0.1555619E+00
 0.2560000E+02   0.8295763E+00  -0.8945695E+01   0.8194855E+00  -0.1289977E+00
 0.2580000E+02   0.8345047E+00  -0.7435192E+01   0.8274881E+00  -0.1079888E+00
 0.2600000E+02   0.8411080E+00  -0.6244296E+01   0.8361179E+00  -0.9148557E-01
 0.2620000E+02   0.8481462E+00  -0.5300249E+01   0.8445198E+00  -0.7834743E-01
 0.2640000E+02   0.8550954E+00  -0.4534673E+01   0.8524187E+00  -0.6760587E-01
 0.2660000E+02   0.8618347E+00  -0.3901140E+01   0.8598377E+00  -0.5863504E-01
 0.2680000E+02   0.8683324E+00  -0.3371843E+01   0.8668292E+00  -0.5107166E-01
 0.2700000E+02   0.8745672E+00  -0.2926499E+01   0.8734266E+00  -0.4465089E-01
 0.2720000E+02   0.8805716E+00  -0.2550408E+01   0.8796994E+00  -0.3918396E-01
 0.2740000E+02   0.8863797E+00  -0.2237431E+01   0.8857039E+00  -0.3460481E-01
 0.2760000E+02   0.8919229E+00  -0.1985625E+01   0.8913873E+00  -0.3090402E-01
 0.2780000E+02   0.8970517E+00  -0.1788824E+01   0.8966145E+00  -0.2800218E-01
 0.2800000E+02   0.9016473E+00  -0.1635133E+01   0.9012802E+00  -0.2572813E-01
 0.2820000E+02   0.9056725E+00  -0.1511504E+01   0.9053574E+00  -0.2388953E-01
 0.2840000E+02   0.9091406E+00  -0.1406843E+01   0.9088666E+00  -0.2232084E-01
 0.2860000E+02   0.9120839E+00  -0.1311037E+01   0.9118451E+00  -0.2086841E-01
 0.2880000E+02   0.9145781E+00  -0.1213607E+01   0.9143730E+00  -0.1937063E-01
 0.2900000E+02   0.9167812E+00  -0.1106387E+01   0.9166103E+00  -0.1770203E-01
 0.2920000E+02   0.9188946E+00  -0.9883075E+00   0.9187579E+00  -0.1584943E-01
 0.2940000E+02   0.9210600E+00  -0.8654533E+00   0.9209549E+00  -0.1391209E-01
 0.2960000E+02   0.9233060E+00  -0.7454488E+00   0.9232279E+00  -0.1201237E-01
 0.2980000E+02   0.9255901E+00  -0.6326167E+00   0.9255337E+00  -0.1021946E-01
 0.3000000E+02   0.9278634E+00  -0.5276628E+00   0.9278240E+00  -0.8544993E-02
 0.3020000E+02   0.9300966E+00  -0.4297762E+00   0.9300704E+00  -0.6976598E-02
 0.3040000E+02   0.9322705E+00  -0.3379325E+00   0.9322543E+00  -0.5498532E-02
 0.3060000E+02   0.9343659E+00  -0.2506515E+00   0.9343570E+00  -0.4087552E-02
 0.3080000E+02   0.9363698E+00  -0.1655214E+00   0.9363659E+00  -0.2705069E-02
 0.3100000E+02   0.9382868E+00  -0.7944266E-01   0.9382859E+00  -0.1300968E-02
 0.3120000E+02   0.9401438E+00   0.1072853E-01   0.9401438E+00   0.1760402E-03
 0.3140000E+02   0.9419871E+00   0.1077383E+00   0.9419854E+00   0.1771299E-02
 0.3160000E+02   0.9438819E+00   0.2137426E+00   0.9438753E+00   0.3521155E-02
 0.3180000E+02   0.9459153E+00   0.3300278E+00   0.9458996E+00   0.5448509E-02
 0.3200000E+02   0.9482000E+00   0.4563238E+00   0.9481699E+00   0.7551719E-02
 0.3220000E+02   0.9508729E+00   0.5895617E+00   0.9508226E+00   0.9784112E-02
 0.3240000E+02   0.9540772E+00   0.7222264E+00   0.9540014E+00   0.1202604E-01
 0.3260000E+02   0.9579162E+00   0.8411089E+00   0.9578130E+00   0.1406182E-01
 0.3280000E+02   0.9623805E+00   0.9281943E+00   0.9622542E+00   0.1558993E-01
 0.3300000E+02   0.9672803E+00   0.9654843E+00   0.9671429E+00   0.1629875E-01
 0.3320000E+02   0.9722520E+00   0.9428762E+00   0.9721204E+00   0.1599894E-01
 0.3340000E+02   0.9768771E+00   0.8638664E+00   0.9767661E+00   0.1472812E-01
 0.3360000E+02   0.9808433E+00   0.7438908E+00   0.9807606E+00   0.1273427E-01
 0.3380000E+02   0.9840290E+00   0.6027652E+00   0.9839745E+00   0.1035203E-01
 0.3400000E+02   0.9864768E+00   0.4575839E+00   0.9864453E+00   0.7878260E-02
 0.3420000E+02   0.9883164E+00   0.3197679E+00   0.9883010E+00   0.5515768E-02
 0.3440000E+02   0.9897007E+00   0.1953509E+00   0.9896950E+00   0.3374395E-02
 0.3460000E+02   0.9907696E+00   0.8642002E-01   0.9907685E+00   0.1494391E-02
 0.3480000E+02   0.9916354E+00  -0.7412181E-02   0.9916354E+00  -0.1282849E-03
 0.3500000E+02   0.9923800E+00  -0.8784817E-01   0.9923788E+00  -0.1521556E-02
 0.3520000E+02   0.9930575E+00  -0.1570919E+00   0.9930537E+00  -0.2722733E-02
 0.3540000E+02   0.9936999E+00  -0.2173036E+00   0.9936928E+00  -0.3768761E-02
 0.3560000E+02   0.9943237E+00  -0.2702592E+00   0.9943127E+00  -0.4690121E-02
 0.3580000E+02   0.9949370E+00  -0.3172196E+00   0.9949217E+00  -0.5508467E-02
 0.3600000E+02   0.9955455E+00  -0.3590182E+00   0.9955260E+00  -0.6238096E-02
 0.3620000E+02   0.9961561E+00  -0.3962786E+00   0.9961323E+00  -0.6889726E-02
 0.3640000E+02   0.9967761E+00  -0.4296114E+00   0.9967480E+00  -0.7473889E-02
 0.3660000E+02   0.9974109E+00  -0.4596709E+00   0.9973788E+00  -0.8001914E-02
 0.3680000E+02   0.9980634E+00  -0.4870835E+00   0.9980274E+00  -0.8484645E-02
 0.3700000E+02   0.9987340E+00  -0.5123479E+00   0.9986941E+00  -0.8930718E-02
 0.3720000E+02   0.9994222E+00  -0.5357990E+00   0.9993785E+00  -0.9345918E-02
 0.3740000E+02   0.1000129E+01  -0.5576518E+00   0.1000082E+01  -0.9733962E-02
 0.3760000E+02   0.1000857E+01  -0.5780976E+00   0.1000806E+01  -0.1009818E-01
 0.3780000E+02   0.1001609E+01  -0.5973938E+00   0.1001555E+01  -0.1044308E-01
 0.3800000E+02   0.1002390E+01  -0.6158922E+00   0.1002332E+01  -0.1077483E-01
 0.3820000E+02   0.1003200E+01  -0.6340013E+00   0.1003139E+01  -0.1110059E-01
 0.3840000E+02   0.1004040E+01  -0.6521266E+00   0.1003975E+01  -0.1142749E-01
 0.3860000E+02   0.1004909E+01  -0.6706302E+00   0.1004840E+01  -0.1176190E-01
 0.3880000E+02   0.1005805E+01  -0.6898288E+00   0.1005732E+01  -0.1210938E-01
 0.3900000E+02   0.1006727E+01  -0.7100265E+00   0.1006650E+01  -0.1247534E-01
 0.3920000E+02   0.1007673E+01  -0.7315655E+00   0.1007591E+01  -0.1286585E-01
 0.3940000E+02   0.1008640E+01  -0.7548558E+00   0.1008553E+01  -0.1328817E-01
 0.3960000E+02   0.1009623E+01  -0.7803491E+00   0.1009529E+01  -0.1375029E-01
 0.3980000E+02   0.1010611E+01  -0.8084342E+00   0.1010510E+01  -0.1425908E-01
 0.4000000E+02   0.1011591E+01  -0.8392786E+00   0.1011482E+01  -0.1481743E-01
 0.4020000E+02   0.1012548E+01  -0.8727026E+00   0.1012430E+01  -0.1542206E-01
 0.4040000E+02   0.1013470E+01  -0.9081813E+00   0.1013342E+01  -0.1606359E-01
 0.4060000E+02   0.1014349E+01  -0.9449834E+00   0.1014211E+01  -0.1672897E-01
 0.4080000E+02   0.1015184E+01  -0.9823636E+00   0.1015035E+01  -0.1740496E-01
 0.4100000E+02   0.1015976E+01  -0.1019694E+01   0.1015815E+01  -0.1808039E-01
 0.4120000E+02   0.1016728E+01  -0.1056466E+01   0.1016555E+01  -0.1874620E-01
 0.4140000E+02   0.1017443E+01  -0.1092173E+01   0.1017258E+01  -0.1939335E-01
 0.4160000E+02   0.1018124E+01  -0.1126193E+01   0.1017928E+01  -0.2001074E-01
 0.4180000E+02   0.1018780E+01  -0.1157785E+01   0.1018572E+01  -0.2058526E-01
 0.4200000E+02   0.1019426E+01  -0.1186255E+01   0.1019208E+01  -0.2110475E-01
 0.4220000E+02   0.1020084E+01  -0.1211219E+01   0.1019856E+01  -0.2156273E-01
 0.4240000E+02   0.1020781E+01  -0.1232859E+01   0.1020545E+01  -0.2196291E-01
 0.4260000E+02   0.1021542E+01  -0.1252054E+01   0.1021298E+01  -0.2232143E-01
 0.4280000E+02   0.1022384E+01  -0.1270282E+01   0.1022133E+01  -0.2266502E-01
 0.4300000E+02   0.1023308E+01  -0.1289264E+01   0.1023049E+01  -0.2302444E-01
 0.4320000E+02   0.1024304E+01  -0.1310474E+01   0.1024036E+01  -0.2342594E-01
 0.4340000E+02   0.1025353E+01  -0.1334810E+01   0.1025075E+01  -0.2388530E-01
 0.4360000E+02   0.1026434E+01  -0.1362560E+01   0.1026144E+01  -0.2440750E-01
 0.4380000E+02   0.1027532E+01  -0.1393602E+01   0.1027228E+01  -0.2499013E-01
 0.4400000E+02   0.1028636E+01  -0.1427631E+01   0.1028316E+01  -0.2562771E-01
 0.4420000E+02   0.1029739E+01  -0.1464324E+01   0.1029402E+01  -0.2631445E-01
 0.4440000E+02   0.1030836E+01  -0.1503401E+01   0.1030481E+01  -0.2704531E-01
 0.4460000E+02   0.1031924E+01  -0.1544613E+01   0.1031549E+01  -0.2781584E-01
 0.4480000E+02   0.1032999E+01  -0.1587703E+01   0.1032602E+01  -0.2862139E-01
 0.4500000E+02   0.1034057E+01  -0.1632354E+01   0.1033637E+01  -0.2945624E-01
 0.4520000E+02   0.1035095E+01  -0.1678145E+01   0.1034651E+01  -0.3031273E-01
 0.4540000E+02   0.1036114E+01  -0.1724529E+01   0.1035644E+01  -0.3118098E-01
 0.4560000E+02   0.1037115E+01  -0.1770861E+01   0.1036619E+01  -0.3204937E-01
 0.4580000E+02   0.1038106E+01  -0.1816475E+01   0.1037585E+01  -0.3290606E-01
 0.4600000E+02   0.1039103E+01  -0.1860816E+01   0.1038555E+01  -0.3374139E-01
 0.4620000E+02   0.1040123E+01  -0.1903581E+01   0.1039549E+01  -0.3455044E-01
 0.4640000E+02   0.1041190E+01  -0.1944841E+01   0.1040590E+01  -0.3533525E-01
 0.4660000E+02   0.1042329E+01  -0.1985135E+01   0.1041703E+01  -0.3610648E-01
 0.4680000E+02   0.1043563E+01  -0.2025544E+01   0.1042911E+01  -0.3688477E-01
 0.4700000E+02   0.1044909E+01  -0.2067720E+01   0.1044229E+01  -0.3770104E-01
 0.4720000E+02   0.1046376E+01  -0.2113780E+01   0.1045664E+01  -0.3859459E-01
 0.4740000E+02   0.1047954E+01  -0.2166028E+01   0.1047205E+01  -0.3960775E-01
 0.4760000E+02   0.1049618E+01  -0.2226519E+01   0.1048826E+01  -0.4077798E-01
 0.4780000E+02   0.1051330E+01  -0.2296627E+01   0.1050486E+01  -0.4212992E-01
 0.4800000E+02   0.1053047E+01  -0.2376789E+01   0.1052141E+01  -0.4367079E-01
 0.4820000E+02   0.1054727E+01  -0.2466547E+01   0.1053750E+01  -0.4539129E-01
 0.4840000E+02   0.1056340E+01  -0.2564834E+01   0.1055282E+01  -0.4727107E-01
 0.4860000E+02   0.1057868E+01  -0.2670364E+01   0.1056719E+01  -0.4928581E-01
 0.4880000E+02   0.1059300E+01  -0.2781920E+01   0.1058052E+01  -0.5141270E-01
 0.4900000E+02   0.1060634E+01  -0.2898500E+01   0.1059278E+01  -0.5363289E-01
 0.4920000E+02   0.1061869E+01  -0.3019309E+01   0.1060395E+01  -0.5593129E-01
 0.4940000E+02   0.1063004E+01  -0.3143665E+01   0.1061404E+01  -0.5829489E-01
 0.4960000E+02   0.1064040E+01  -0.3270912E+01   0.1062306E+01  -0.6071109E-01
 0.4980000E+02   0.1064979E+01  -0.3400369E+01   0.1063104E+01  -0.6316688E-01
 0.5000000E+02   0.1065829E+01  -0.3531371E+01   0.1063805E+01  -0.6564976E-01
 0.5020000E+02   0.1066601E+01  -0.3663402E+01   0.1064422E+01  -0.6815033E-01
 0.5040000E+02   0.1067312E+01  -0.3796282E+01   0.1064970E+01  -0.7066585E-01
 0.5060000E+02   0.1067981E+01  -0.3930343E+01   0.1065469E+01  -0.7320331E-01
 0.5080000E+02   0.1068621E+01  -0.4066489E+01   0.1065931E+01  -0.7578028E-01
 0.5100000E+02   0.1069238E+01  -0.4206080E+01   0.1066359E+01  -0.7842225E-01
 0.5120000E+02   0.1069822E+01  -0.4350648E+01   0.1066740E+01  -0.8115692E-01
 0.5140000E+02   0.1070350E+01  -0.4501507E+01   0.1067048E+01  -0.8400673E-01
 0.5160000E+02   0.1070784E+01  -0.4659373E+01   0.1067246E+01  -0.8698173E-01
 0.5180000E+02   0.1071084E+01  -0.4824089E+01   0.1067290E+01  -0.9007474E-01
 0.5200000E+02   0.1071210E+01  -0.4994531E+01   0.1067143E+01  -0.9326025E-01
 0.5220000E+02   0.1071134E+01  -0.5168761E+01   0.1066779E+01  -0.9649803E-01
 0.5240000E+02   0.1070846E+01  -0.5344404E+01   0.1066191E+01  -0.9974103E-01
 0.5260000E+02   0.1070357E+01  -0.5519186E+01   0.1065395E+01  -0.1029460E+00
 0.5280000E+02   0.1069694E+01  -0.5691481E+01   0.1064420E+01  -0.1060834E+00
 0.5300000E+02   0.1068891E+01  -0.5860705E+01   0.1063304E+01  -0.1091448E+00
 0.5320000E+02   0.1067982E+01  -0.6027420E+01   0.1062077E+01  -0.1121428E+00
 0.5340000E+02   0.1066982E+01  -0.6193112E+01   0.1060755E+01  -0.1151059E+00
 0.5360000E+02   0.1065889E+01  -0.6359686E+01   0.1059329E+01  -0.1180681E+00
 0.5380000E+02   0.1064670E+01  -0.6528785E+01   0.1057765E+01  -0.1210555E+00
 0.5400000E+02   0.1063274E+01  -0.6701068E+01   0.1056010E+01  -0.1240727E+00
 0.5420000E+02   0.1061639E+01  -0.6875611E+01   0.1054004E+01  -0.1270933E+00
 0.5440000E+02   0.1059706E+01  -0.7049615E+01   0.1051695E+01  -0.1300565E+00
 0.5460000E+02   0.1057441E+01  -0.7218545E+01   0.1049059E+01  -0.1328720E+00
 0.5480000E+02   0.1054845E+01  -0.7376764E+01   0.1046114E+01  -0.1354351E+00
 0.5500000E+02   0.1051969E+01  -0.7518578E+01   0.1042925E+01  -0.1376477E+00
 0.5520000E+02   0.1048910E+01  -0.7639501E+01   0.1039600E+01  -0.1394418E+00
 0.5540000E+02   0.1045793E+01  -0.7737415E+01   0.1036272E+01  -0.1407985E+00
 0.5560000E+02   0.1042756E+01  -0.7813289E+01   0.1033075E+01  -0.1417578E+00
 0.5580000E+02   0.1039915E+01  -0.7871207E+01   0.1030118E+01  -0.1424130E+00
 0.5600000E+02   0.1037346E+01  -0.7917641E+01   0.1027457E+01  -0.1428939E+00
 0.5620000E+02   0.1035065E+01  -0.7960164E+01   0.1025092E+01  -0.1433406E+00
 0.5640000E+02   0.1033033E+01  -0.8005943E+01   0.1022964E+01  -0.1438765E+00
 0.5660000E+02   0.1031161E+01  -0.8060418E+01   0.1020973E+01  -0.1445865E+00
 0.5680000E+02   0.1029335E+01  -0.8126474E+01   0.1018999E+01  -0.1455054E+00
 0.5700000E+02   0.1027439E+01  -0.8204277E+01   0.1016924E+01  -0.1466185E+00
 0.5720000E+02   0.1025372E+01  -0.8291719E+01   0.1014654E+01  -0.1478722E+00
 0.5740000E+02   0.1023060E+01  -0.8385234E+01   0.1012124E+01  -0.1491909E+00
 0.5760000E+02   0.1020458E+01  -0.8480666E+01   0.1009300E+01  -0.1504928E+00
 0.5780000E+02   0.1017543E+01  -0.8573869E+01   0.1006172E+01  -0.1516998E+00
 0.5800000E+02   0.1014305E+01  -0.8660884E+01   0.1002739E+01  -0.1527401E+00
 0.5820000E+02   0.1010741E+01  -0.8737745E+01   0.9990106E+00  -0.1535437E+00
 0.5840000E+02   0.1006856E+01  -0.8800128E+01   0.9950032E+00  -0.1540369E+00
 0.5860000E+02   0.1002667E+01  -0.8843123E+01   0.9907482E+00  -0.1541396E+00
 0.5880000E+02   0.9982147E+00  -0.8861335E+01   0.9863000E+00  -0.1537686E+00
 0.5900000E+02   0.9935696E+00  -0.8849393E+01   0.9817422E+00  -0.1528485E+00
 0.5920000E+02   0.9888335E+00  -0.8802738E+01   0.9771861E+00  -0.1513242E+00
 0.5940000E+02   0.9841337E+00  -0.8718432E+01   0.9727622E+00  -0.1491738E+00
 0.5960000E+02   0.9796104E+00  -0.8595740E+01   0.9686069E+00  -0.1464144E+00
 0.5980000E+02   0.9754015E+00  -0.8436310E+01   0.9648472E+00  -0.1431011E+00
 0.6000000E+02   0.9716297E+00  -0.8243987E+01   0.9615893E+00  -0.1393208E+00
 0.6020000E+02   0.9683930E+00  -0.8024384E+01   0.9589112E+00  -0.1351824E+00
 0.6040000E+02   0.9657586E+00  -0.7784339E+01   0.9568591E+00  -0.1308070E+00
 0.6060000E+02   0.9637606E+00  -0.7531316E+01   0.9554466E+00  -0.1263182E+00
 0.6080000E+02   0.9623990E+00  -0.7272747E+01   0.9546562E+00  -0.1218328E+00
 0.6100000E+02   0.9616439E+00  -0.7015380E+01   0.9544444E+00  -0.1174511E+00
 0.6120000E+02   0.9614428E+00  -0.6764720E+01   0.9547494E+00  -0.1132508E+00
 0.6140000E+02   0.9617310E+00  -0.6524743E+01   0.9555018E+00  -0.1092837E+00
 0.6160000E+02   0.9624425E+00  -0.6297909E+01   0.9566342E+00  -0.1055781E+00
 0.6180000E+02   0.9635184E+00  -0.6085469E+01   0.9580889E+00  -0.1021444E+00
 0.6200000E+02   0.9649112E+00  -0.5887895E+01   0.9598208E+00  -0.9898289E-01
 0.6220000E+02   0.9665855E+00  -0.5705296E+01   0.9617974E+00  -0.9608992E-01
 0.6240000E+02   0.9685161E+00  -0.5537734E+01   0.9639959E+00  -0.9346305E-01
 0.6260000E+02   0.9706854E+00  -0.5385421E+01   0.9664006E+00  -0.9110366E-01
 0.6280000E+02   0.9730803E+00  -0.5248828E+01   0.9689999E+00  -0.8901860E-01
 0.6300000E+02   0.9756895E+00  -0.5128762E+01   0.9717832E+00  -0.8722107E-01
 0.6320000E+02   0.9785004E+00  -0.5026387E+01   0.9747375E+00  -0.8573084E-01
 0.6340000E+02   0.9814951E+00  -0.4943177E+01   0.9778446E+00  -0.8457320E-01
 0.6360000E+02   0.9846475E+00  -0.4880773E+01   0.9810770E+00  -0.8377633E-01
 0.6380000E+02   0.9879208E+00  -0.4840751E+01   0.9843970E+00  -0.8336724E-01
 0.6400000E+02   0.9912681E+00  -0.4824355E+01   0.9877562E+00  -0.8336706E-01
 0.6420000E+02   0.9946339E+00  -0.4832263E+01   0.9910986E+00  -0.8378692E-01
 0.6440000E+02   0.9979584E+00  -0.4864438E+01   0.9943639E+00  -0.8462537E-01
 0.6460000E+02   0.1001181E+01  -0.4920097E+01   0.9974923E+00  -0.8586771E-01
 0.6480000E+02   0.1004246E+01  -0.4997774E+01   0.1000428E+01  -0.8748698E-01
 0.6500000E+02   0.1007104E+01  -0.5095448E+01   0.1003124E+01  -0.8944609E-01
 0.6520000E+02   0.1009713E+01  -0.5210692E+01   0.1005540E+01  -0.9170055E-01
 0.6540000E+02   0.1012043E+01  -0.5340846E+01   0.1007650E+01  -0.9420141E-01
 0.6560000E+02   0.1014075E+01  -0.5483178E+01   0.1009435E+01  -0.9689840E-01
 0.6580000E+02   0.1015797E+01  -0.5635058E+01   0.1010888E+01  -0.9974295E-01
 0.6600000E+02   0.1017208E+01  -0.5794094E+01   0.1012011E+01  -0.1026909E+00
 0.6620000E+02   0.1018310E+01  -0.5958229E+01   0.1012809E+01  -0.1057041E+00
 0.6640000E+02   0.1019111E+01  -0.6125748E+01   0.1013292E+01  -0.1087503E+00
 0.6660000E+02   0.1019616E+01  -0.6295203E+01   0.1013468E+01  -0.1118020E+00
 0.6680000E+02   0.1019827E+01  -0.6465265E+01   0.1013341E+01  -0.1148334E+00
 0.6700000E+02   0.1019747E+01  -0.6634562E+01   0.1012918E+01  -0.1178178E+00
 0.6720000E+02   0.1019377E+01  -0.6801550E+01   0.1012203E+01  -0.1207256E+00
 0.6740000E+02   0.1018721E+01  -0.6964464E+01   0.1011204E+01  -0.1235237E+00
 0.6760000E+02   0.1017789E+01  -0.7121370E+01   0.1009937E+01  -0.1261769E+00
 0.6780000E+02   0.1016598E+01  -0.7270288E+01   0.1008425E+01  -0.1286507E+00
 0.6800000E+02   0.1015173E+01  -0.7409364E+01   0.1006696E+01  -0.1309143E+00
 0.6820000E+02   0.1013546E+01  -0.7537028E+01   0.1004789E+01  -0.1329436E+00
 0.6840000E+02   0.1011753E+01  -0.7652103E+01   0.1002744E+01  -0.1347228E+00
 0.6860000E+02   0.1009835E+01  -0.7753864E+01   0.1000602E+01  -0.1362447E+00
 0.6880000E+02   0.1007829E+01  -0.7842041E+01   0.9984042E+00  -0.1375108E+00
 0.6900000E+02   0.1005774E+01  -0.7916787E+01   0.9961883E+00  -0.1385301E+00
 0.6920000E+02   0.1003703E+01  -0.7978624E+01   0.9939868E+00  -0.1393176E+00
 0.6940000E+02   0.1001643E+01  -0.8028364E+01   0.9918262E+00  -0.1398928E+00
 0.6960000E+02   0.9996182E+00  -0.8067014E+01   0.9897266E+00  -0.1402777E+00
 0.6980000E+02   0.9976435E+00  -0.8095650E+01   0.9877014E+00  -0.1404942E+00
 0.7000000E+02   0.9957291E+00  -0.8115293E+01   0.9857579E+00  -0.1405626E+00
 0.7020000E+02   0.9938805E+00  -0.8126779E+01   0.9838996E+00  -0.1404989E+00
 0.7040000E+02   0.9921008E+00  -0.8130688E+01   0.9821283E+00  -0.1403143E+00
 0.7060000E+02   0.9903945E+00  -0.8127336E+01   0.9804473E+00  -0.1400156E+00
 0.7080000E+02   0.9887693E+00  -0.8116871E+01   0.9788639E+00  -0.1396070E+00
 0.7100000E+02   0.9872384E+00  -0.8099452E+01   0.9773907E+00  -0.1390937E+00
 0.7120000E+02   0.9858199E+00  -0.8075466E+01   0.9760444E+00  -0.1384853E+00
 0.7140000E+02   0.9845344E+00  -0.8045716E+01   0.9748433E+00  -0.1377986E+00
 0.7160000E+02   0.9834008E+00  -0.8011504E+01   0.9738029E+00  -0.1370585E+00
 0.7180000E+02   0.9824325E+00  -0.7974583E+01   0.9729321E+00  -0.1362966E+00
 0.7200000E+02   0.9816338E+00  -0.7936985E+01   0.9722303E+00  -0.1355478E+00
 0.7220000E+02   0.9809984E+00  -0.7900782E+01   0.9716864E+00  -0.1348461E+00
 0.7240000E+02   0.9805106E+00  -0.7867842E+01   0.9712805E+00  -0.1342207E+00
 0.7260000E+02   0.9801471E+00  -0.7839649E+01   0.9709863E+00  -0.1336932E+00
 0.7280000E+02   0.9798802E+00  -0.7817194E+01   0.9707742E+00  -0.1332763E+00
 0.7300000E+02   0.9796812E+00  -0.7800946E+01   0.9706148E+00  -0.1329740E+00
 0.7320000E+02   0.9795230E+00  -0.7790891E+01   0.9704814E+00  -0.1327822E+00
 0.7340000E+02   0.9793829E+00  -0.7786608E+01   0.9703525E+00  -0.1326907E+00
 0.7360000E+02   0.9792446E+00  -0.7787404E+01   0.9702136E+00  -0.1326854E+00
 0.7380000E+02   0.9790992E+00  -0.7792493E+01   0.9700578E+00  -0.1327519E+00
 0.7400000E+02   0.9789454E+00  -0.7801199E+01   0.9698853E+00  -0.1328784E+00
 0.7420000E+02   0.9787872E+00  -0.7813151E+01   0.9697007E+00  -0.1330592E+00
 0.7440000E+02   0.9786306E+00  -0.7828405E+01   0.9695102E+00  -0.1332961E+00
 0.7460000E+02   0.9784798E+00  -0.7847459E+01   0.9693164E+00  -0.1335979E+00
 0.7480000E+02   0.9783332E+00  -0.7871142E+01   0.9691159E+00  -0.1339785E+00
 0.7500000E+02   0.9781810E+00  -0.7900423E+01   0.9688965E+00  -0.1344528E+00
 0.7520000E+02   0.9780049E+00  -0.7936172E+01   0.9686381E+00  -0.1350330E+00
 0.7540000E+02   0.9777796E+00  -0.7978959E+01   0.9683139E+00  -0.1357250E+00
 0.7560000E+02   0.9774752E+00  -0.8028918E+01   0.9678937E+00  -0.1365268E+00
 0.7580000E+02   0.9770601E+00  -0.8085700E+01   0.9673469E+00  -0.1374275E+00
 0.7600000E+02   0.9765038E+00  -0.8148486E+01   0.9666451E+00  -0.1384087E+00
 0.7620000E+02   0.9757786E+00  -0.8216052E+01   0.9657634E+00  -0.1394448E+00
 0.7640000E+02   0.9748607E+00  -0.8286823E+01   0.9646821E+00  -0.1405053E+00
 0.7660000E+02   0.9737311E+00  -0.8358928E+01   0.9633870E+00  -0.1415550E+00
 0.7680000E+02   0.9723763E+00  -0.8430228E+01   0.9618699E+00  -0.1425552E+00
 0.7700000E+02   0.9707889E+00  -0.8498343E+01   0.9601298E+00  -0.1434640E+00
 0.7720000E+02   0.9689691E+00  -0.8560697E+01   0.9581735E+00  -0.1442379E+00
 0.7740000E+02   0.9669259E+00  -0.8614586E+01   0.9560174E+00  -0.1448330E+00
 0.7760000E+02   0.9646783E+00  -0.8657297E+01   0.9536871E+00  -0.1452073E+00
 0.7780000E+02   0.9622556E+00  -0.8686243E+01   0.9512187E+00  -0.1453232E+00
 0.7800000E+02   0.9596972E+00  -0.8699140E+01   0.9486569E+00  -0.1451503E+00
 0.7820000E+02   0.9570514E+00  -0.8694181E+01   0.9460542E+00  -0.1446683E+00
 0.7840000E+02   0.9543735E+00  -0.8670191E+01   0.9434674E+00  -0.1438685E+00
 0.7860000E+02   0.9517225E+00  -0.8626758E+01   0.9409551E+00  -0.1427556E+00
 0.7880000E+02   0.9491577E+00  -0.8564298E+01   0.9385740E+00  -0.1413478E+00
 0.7900000E+02   0.9467348E+00  -0.8484056E+01   0.9363747E+00  -0.1396758E+00
 0.7920000E+02   0.9445028E+00  -0.8388042E+01   0.9343993E+00  -0.1377808E+00
 0.7940000E+02   0.9425006E+00  -0.8278895E+01   0.9326787E+00  -0.1357123E+00
 0.7960000E+02   0.9407548E+00  -0.8159712E+01   0.9312309E+00  -0.1335241E+00
 0.7980000E+02   0.9392791E+00  -0.8033832E+01   0.9300607E+00  -0.1312716E+00
 0.8000000E+02   0.9380730E+00  -0.7904618E+01   0.9291598E+00  -0.1290079E+00
 0.8020000E+02   0.9371235E+00  -0.7775235E+01   0.9285079E+00  -0.1267809E+00
 0.8040000E+02   0.9364054E+00  -0.7648445E+01   0.9280746E+00  -0.1246304E+00
 0.8060000E+02   0.9358847E+00  -0.7526424E+01   0.9278217E+00  -0.1225854E+00
 0.8080000E+02   0.9355207E+00  -0.7410621E+01   0.9277066E+00  -0.1206629E+00
 0.8100000E+02   0.9352702E+00  -0.7301667E+01   0.9276858E+00  -0.1188667E+00
 0.8120000E+02   0.9350913E+00  -0.7199360E+01   0.9277191E+00  -0.1171876E+00
 0.8140000E+02   0.9349481E+00  -0.7102724E+01   0.9277733E+00  -0.1156051E+00
 0.8160000E+02   0.9348140E+00  -0.7010178E+01   0.9278258E+00  -0.1140900E+00
 0.8180000E+02   0.9346751E+00  -0.6919764E+01   0.9278668E+00  -0.1126090E+00
 0.8200000E+02   0.9345310E+00  -0.6829454E+01   0.9279001E+00  -0.1111292E+00
 0.8220000E+02   0.9343943E+00  -0.6737451E+01   0.9279416E+00  -0.1096230E+00
 0.8240000E+02   0.9342882E+00  -0.6642461E+01   0.9280166E+00  -0.1080722E+00
 0.8260000E+02   0.9342422E+00  -0.6543886E+01   0.9281555E+00  -0.1064702E+00
 0.8280000E+02   0.9342877E+00  -0.6441894E+01   0.9283888E+00  -0.1048229E+00
 0.8300000E+02   0.9344530E+00  -0.6337378E+01   0.9287427E+00  -0.1031475E+00
 0.8320000E+02   0.9347597E+00  -0.6231814E+01   0.9292361E+00  -0.1014694E+00
 0.8340000E+02   0.9352201E+00  -0.6127043E+01   0.9298778E+00  -0.9981919E-01
 0.8360000E+02   0.9358364E+00  -0.6025047E+01   0.9306670E+00  -0.9822839E-01
 0.8380000E+02   0.9366013E+00  -0.5927728E+01   0.9315933E+00  -0.9672648E-01
 0.8400000E+02   0.9374992E+00  -0.5836742E+01   0.9326389E+00  -0.9533828E-01
 0.8420000E+02   0.9385084E+00  -0.5753376E+01   0.9337808E+00  -0.9408236E-01
 0.8440000E+02   0.9396039E+00  -0.5678499E+01   0.9349930E+00  -0.9297035E-01
 0.8460000E+02   0.9407587E+00  -0.5612544E+01   0.9362487E+00  -0.9200693E-01
 0.8480000E+02   0.9419465E+00  -0.5555540E+01   0.9375221E+00  -0.9119041E-01
 0.8500000E+02   0.9431433E+00  -0.5507165E+01   0.9387899E+00  -0.9051368E-01
 0.8520000E+02   0.9443278E+00  -0.5466817E+01   0.9400326E+00  -0.8996540E-01
 0.8540000E+02   0.9454831E+00  -0.5433692E+01   0.9412345E+00  -0.8953132E-01
 0.8560000E+02   0.9465964E+00  -0.5406866E+01   0.9423847E+00  -0.8919552E-01
 0.8580000E+02   0.9476594E+00  -0.5385370E+01   0.9434764E+00  -0.8894171E-01
 0.8600000E+02   0.9486679E+00  -0.5368260E+01   0.9445069E+00  -0.8875432E-01
 0.8620000E+02   0.9496211E+00  -0.5354678E+01   0.9454770E+00  -0.8861938E-01
 0.8640000E+02   0.9505212E+00  -0.5343894E+01   0.9463899E+00  -0.8852525E-01
 0.8660000E+02   0.9513722E+00  -0.5335337E+01   0.9472505E+00  -0.8846304E-01
 0.8680000E+02   0.9521791E+00  -0.5328608E+01   0.9480642E+00  -0.8842672E-01
 0.8700000E+02   0.9529465E+00  -0.5323473E+01   0.9488362E+00  -0.8841295E-01
 0.8720000E+02   0.9536783E+00  -0.5319833E+01   0.9495705E+00  -0.8842052E-01
 0.8740000E+02   0.9543766E+00  -0.5317684E+01   0.9502691E+00  -0.8844963E-01
 0.8760000E+02   0.9550414E+00  -0.5317059E+01   0.9509320E+00  -0.8850087E-01
 0.8780000E+02   0.9556706E+00  -0.5317972E+01   0.9515571E+00  -0.8857433E-01
 0.8800000E+02   0.9562604E+00  -0.5320360E+01   0.9521407E+00  -0.8866868E-01
 0.8820000E+02   0.9568060E+00  -0.5324047E+01   0.9526782E+00  -0.8878059E-01
 0.8840000E+02   0.9573025E+00  -0.5328717E+01   0.9531653E+00  -0.8890434E-01
 0.8860000E+02   0.9577455E+00  -0.5333911E+01   0.9535983E+00  -0.8903192E-01
 0.8880000E+02   0.9581327E+00  -0.5339046E+01   0.9539758E+00  -0.8915341E-01
 0.8900000E+02   0.9584641E+00  -0.5343454E+01   0.9542990E+00  -0.8925768E-01
 0.8920000E+02   0.9587431E+00  -0.5346440E+01   0.9545721E+00  -0.8933339E-01
 0.8940000E+02   0.9589759E+00  -0.5347337E+01   0.9548025E+00  -0.8937005E-01
 0.8960000E+02   0.9591721E+00  -0.5345582E+01   0.9550006E+00  -0.8935908E-01
 0.8980000E+02   0.9593434E+00  -0.5340763E+01   0.9551786E+00  -0.8929470E-01
 0.9000000E+02   0.9595031E+00  -0.5332661E+01   0.9553503E+00  -0.8917447E-01
 0.9020000E+02   0.9596648E+00  -0.5321265E+01   0.9555290E+00  -0.8899944E-01
 0.9040000E+02   0.9598413E+00  -0.5306762E+01   0.9557272E+00  -0.8877389E-01
 0.9060000E+02   0.9600437E+00  -0.5289505E+01   0.9559554E+00  -0.8850470E-01
 0.9080000E+02   0.9602809E+00  -0.5269966E+01   0.9562218E+00  -0.8820048E-01
 0.9100000E+02   0.9605592E+00  -0.5248679E+01   0.9565316E+00  -0.8787066E-01
 0.9120000E+02   0.9608823E+00  -0.5226188E+01   0.9568878E+00  -0.8752462E-01
 0.9140000E+02   0.9612520E+00  -0.5203006E+01   0.9572913E+00  -0.8717097E-01
 0.9160000E+02   0.9616685E+00  -0.5179584E+01   0.9577417E+00  -0.8681724E-01
 0.9180000E+02   0.9621313E+00  -0.5156307E+01   0.9582378E+00  -0.8646973E-01
 0.9200000E+02   0.9626395E+00  -0.5133498E+01   0.9587783E+00  -0.8613372E-01
 0.9220000E+02   0.9631924E+00  -0.5111441E+01   0.9593621E+00  -0.8581388E-01
 0.9240000E+02   0.9637897E+00  -0.5090407E+01   0.9599885E+00  -0.8551468E-01
 0.9260000E+02   0.9644314E+00  -0.5070684E+01   0.9606570E+00  -0.8524094E-01
 0.9280000E+02   0.9651176E+00  -0.5052595E+01   0.9613674E+00  -0.8499807E-01
 0.9300000E+02   0.9658478E+00  -0.5036514E+01   0.9621187E+00  -0.8479235E-01
 0.9320000E+02   0.9666210E+00  -0.5022862E+01   0.9629090E+00  -0.8463080E-01
 0.9340000E+02   0.9674346E+00  -0.5012098E+01   0.9637354E+00  -0.8452097E-01
 0.9360000E+02   0.9682845E+00  -0.5004691E+01   0.9645930E+00  -0.8447053E-01
 0.9380000E+02   0.9691651E+00  -0.5001098E+01   0.9654755E+00  -0.8448681E-01
 0.9400000E+02   0.9700687E+00  -0.5001733E+01   0.9663748E+00  -0.8457628E-01
 0.9420000E+02   0.9709863E+00  -0.5006937E+01   0.9672812E+00  -0.8474414E-01
 0.9440000E+02   0.9719076E+00  -0.5016962E+01   0.9681841E+00  -0.8499396E-01
 0.9460000E+02   0.9728216E+00  -0.5031958E+01   0.9690722E+00  -0.8532751E-01
 0.9480000E+02   0.9737166E+00  -0.5051965E+01   0.9699339E+00  -0.8574472E-01
 0.9500000E+02   0.9745812E+00  -0.5076924E+01   0.9707577E+00  -0.8624374E-01
 0.9520000E+02   0.9754041E+00  -0.5106677E+01   0.9715324E+00  -0.8682108E-01
 0.9540000E+02   0.9761744E+00  -0.5140984E+01   0.9722475E+00  -0.8747181E-01
 0.9560000E+02   0.9768820E+00  -0.5179525E+01   0.9728931E+00  -0.8818968E-01
 0.9580000E+02   0.9775171E+00  -0.5221917E+01   0.9734601E+00  -0.8896727E-01
 0.9600000E+02   0.9780712E+00  -0.5267710E+01   0.9739404E+00  -0.8979614E-01
 0.9620000E+02   0.9785362E+00  -0.5316399E+01   0.9743267E+00  -0.9066682E-01
 0.9640000E+02   0.9789050E+00  -0.5367424E+01   0.9746129E+00  -0.9156900E-01
 0.9660000E+02   0.9791719E+00  -0.5420178E+01   0.9747938E+00  -0.9249151E-01
 0.9680000E+02   0.9793319E+00  -0.5474007E+01   0.9748657E+00  -0.9342255E-01
 0.9700000E+02   0.9793815E+00  -0.5528223E+01   0.9748263E+00  -0.9434975E-01
 0.9720000E+02   0.9793185E+00  -0.5582110E+01   0.9746744E+00  -0.9526042E-01
 0.9740000E+02   0.9791422E+00  -0.5634935E+01   0.9744107E+00  -0.9614168E-01
 0.9760000E+02   0.9788532E+00  -0.5685958E+01   0.9740371E+00  -0.9698074E-01
 0.9780000E+02   0.9784534E+00  -0.5734443E+01   0.9735569E+00  -0.9776502E-01
 0.9800000E+02   0.9779462E+00  -0.5779664E+01   0.9729749E+00  -0.9848229E-01
 0.9820000E+02   0.9773361E+00  -0.5820906E+01   0.9722968E+00  -0.9912075E-01
 0.9840000E+02   0.9766287E+00  -0.5857472E+01   0.9715295E+00  -0.9966904E-01
 0.9860000E+02   0.9758306E+00  -0.5888671E+01   0.9706813E+00  -0.1001162E+00
 0.9880000E+02   0.9749499E+00  -0.5913824E+01   0.9697612E+00  -0.1004516E+00
 0.9900000E+02   0.9739959E+00  -0.5932256E+01   0.9687800E+00  -0.1006649E+00
 0.9920000E+02   0.9729797E+00  -0.5943312E+01   0.9677497E+00  -0.1007466E+00
 0.9940000E+02   0.9719142E+00  -0.5946366E+01   0.9666846E+00  -0.1006878E+00
 0.9960000E+02   0.9708147E+00  -0.5940853E+01   0.9656007E+00  -0.1004810E+00
 0.9980000E+02   0.9696987E+00  -0.5926307E+01   0.9645162E+00  -0.1001207E+00
 0.1000000E+03   0.9685859E+00  -0.5902401E+01   0.9634509E+00  -0.9960377E-01
